8916
27693
79572
88359
112743
117512
134473
161088
168957
182457
208213
230649
231444
241997
242469
265905
282808
283042
288776
293389
304008
310114
325876
327235
341029
344457
361543
365761
376818
385054
386717
417518
432115
436102
444055
445530
452083
456075
457208
463525
473044
477489
498351
514788
517021
539226
544870
548727
552827
579216
588464
610279
632725
646329
662940
681596
686363
688129
719454
727460
733231
739264
759593
764083
778105
798206
799599
799946
802123
802582
808786
813725
815350
825283
826352
847224
853078
863904
881494
883429
897058
899794
906892
918463
921416
924355
932929
966524
970320
970938
979844
980927
987545
997328
1014971
1017484
1027096
1038848
1056406
1087961
1089037
1097096
1099714
1102921
1103803
1133673
1153715
1169886
1173524
1173539
1181052
1184275
1212717
1213901
1218565
1220723
1226024
1229343
1245455
1247925
1249819
1265570
1266289
1296144
1302519
1323411
1327153
1330116
1345167
1347424
1347643
1357940
1359690
1367812
1373263
1388581
1415358
1422341
1423171
1433344
1437665
1443650
1472718
1488237
1491095
1494128
1519792
1548608
1553586
1554373
1555538
1562209
1564576
1569097
1576926
1598716
1624063
1631512
1644608
1651896
1671308
1674334
1705963
1707032
1712067
1728061
1751931
1754205
1769561
1781126
1782250
1806343
1816383
1820597
1827944
1836669
1857341
1857825
1863004
1867631
1872457
1891097
1891487
1923632
1931785
1952493
1953497
1958038
1972347
1983512
1996513
2013605
2021416
2029996
2033081
2042496
2048017
2097977
2101538
2111873
2141743
2179692
2192746
2193613
2194708
2194761
2198171
2232105
2265016
2307010
2308371
2311222
2315318
2318874
2324076
2334640
2335852
2339086
2343159
2367549
2376934
2393449
2401597
2417314
2421720
2433902
2451729
2461323
2469077
2471814
2487554
2497688
2509920
2538729
2544411
2564747
2572988
2580148
2608012
2610633
2613104
2633122
2653772
2670010
2670605
2675759
2689633
2721431
2722814
2746138
2752595
2758464
2765574
2779613
2842242
2851260
2857041
2862090
2868774
2872779
2873926
2889561
2905931
2924079
2953901
2965589
2970490
2976925
2996167
3005705
3006185
3021842
3036259
3041409
3054908
3103776
3105130
3122950
3136779
3151055
3151407
3164202
3170036
3170350
3185847
3188647
3214532
3220605
3239622
3251057
3254874
3270874
3279179
3280130
3305684
3310851
3317025
3357767
3363057
3363340
3369861
3379982
3394692
3423998
3442650
3446159
3473907
3475082
3488189
3496488
3499980
3504074
3511897
3520332
3523177
3533013
3544468
3611631
3623817
3631168
3638310
3638431
3639069
3642360
3643096
3650189
3681493
3682795
3704456
3718852
3722566
3742358
3764465
3770496
3792339
3801250
3829889
3844381
3859523
3862995
3864755
3868442
3869578
3903279
3913377
3927131
3933466
3956716
3957622
3960900
3973786
3974765
3984355
3990528
3992941
4002487
4025529
4065960
4080924
4089991
4125014
4139466
4150756
4168667
4179467
4185001
4188297
4196171
4201540
4202203
4204939
4215233
4220763
4228273
4238959
4240653
4241245
4268713
4282507
4287074
4294487
4300924
4313822
4316177
4319503
4363353
4374114
4379916
4393403
4398236
4405577
4434762
4457080
4462336
4494868
4505612
4507633
4518952
4525376
4529484
4533555
4541728
4543330
4563015
4566304
4579363
4583840
4591921
4594918
4611180
4614832
4628783
4630871
4641278
4649569
4662531
4702429
4719163
4719719
4724959
4726280
4730163
4730989
4737177
4747886
4757118
4769256
4772960
4781290
4789414
4796654
4808875
4842454
4849628
4853249
4853467
4870128
4883711
4885557
4888028
4888121
4897205
4898263
4920938
4922923
4931903
4942515
4942761
4944889
4956534
4967006
4974231
4976539
4984326
4992430
4994049
4998182
5012351
5015193
5041969
5064433
5084602
5105698
5107609
5120119
5127983
5131246
5132320
5155519
5172150
5173653
5189367
5210592
5213897
5214171
5219239
5219401
5223937
5224621
5228010
5264348
5264501
5266941
5268789
5271144
5278407
5278421
5299498
5299801
5310083
5310585
5319586
5320679
5321998
5322394
5326209
5341784
5349131
5354870
5378481
5392414
5395708
5408747
5411706
5417766
5443360
5448048
5453068
5462919
5464254
5469235
5474810
5478670
5509610
5510501
5510568
5518742
5568546
5577142
5588682
5593562
5618310
5618419
5621202
5637885
5641564
5646375
5662968
5683386
5690706
5724725
5740329
5742838
5744577
5772715
5783666
5790471
5791068
5793599
5802094
5809838
5811570
5815901
5830937
5841118
5899269
5899317
5901952
5906406
5910874
5920176
5956342
5964964
5979688
5995294
6005124
6017269
6021322
6028522
6029152
6036552
6043830
6049933
6054202
6055382
6058623
6070209
6082833
6098075
6104877
6105028
6108114
6129065
6136078
6151755
6152276
6157403
6160713
6178240
6179147
6188933
6190425
6193438
6206723
6216244
6219774
6222289
6236404
6240861
6244477
6245171
6257792
6268998
6274267
6274466
6286240
6322230
6325288
6330598
6331018
6331378
6359455
6359851
6367140
6380762
6383743
6397582
6409080
6418274
6426204
6433987
6443240
6454356
6465120
6466454
6469115
6469833
6471975
6476936
6486095
6489920
6491731
6505733
6506612
6508733
6532471
6537945
6539489
6549489
6550052
6558475
6563202
6568213
6573084
6600486
6603126
6609546
6612106
6619661
6635140
6635823
6650901
6670890
6671005
6700803
6707124
6713162
6719336
6721182
6724541
6733594
6738110
6739264
6765807
6787588
6795971
6806198
6810336
6837391
6845611
6847220
6848077
6848367
6848628
6854602
6856550
6873740
6878072
6882839
6889748
6913707
6924893
6936345
6939411
6945586
6950699
6984926
6990680
6995269
7008408
7015028
7019240
7024415
7025573
7034124
7035421
7071122
7119521
7126906
7180049
7182681
7194636
7218316
7232221
7235004
7257433
7264795
7305472
7313465
7345012
7359579
7359952
7361851
7382090
7387771
7393751
7399535
7413402
7442830
7447176
7466936
7468508
7469076
7478803
7481078
7490643
7495460
7504914
7512292
7524182
7543392
7555649
7560211
7562904
7570064
7586677
7588728
7595198
7633629
7639109
7648548
7665538
7668799
7668994
7670251
7675809
7680268
7694775
7714176
7719133
7747953
7750003
7759864
7782809
7783057
7792840
7793561
7799484
7805686
7808731
7824865
7837663
7857797
7859184
7864247
7877154
7878296
7883601
7886978
7893279
7907876
7908221
7926414
7930075
7935584
7939891
7965003
7975164
7988203
7990755
7993374
8053798
8074836
8081899
8095966
8109481
8110760
8121946
8124874
8127531
8129892
8137594
8197805
8199540
8209208
8225096
8241381
8262323
8264727
8270681
8275287
8281215
8375562
8376555
8385073
8389160
8392391
8398281
8425460
8461935
8474705
8531080
8535643
8541641
8547472
8559945
8572912
8594057
8608730
8658058
8664295
8667588
8669880
8671190
8706059
8714994
8718373
8736335
8745630
8762557
8765582
8766401
8770395
8793105
8794230
8798114
8799083
8813532
8813785
8822833
8833652
8836067
8850866
8851649
8855796
8858761
8862032
8866577
8869890
8875753
8908399
8915475
8917117
8927592
8938267
8938630
8938787
8947039
8948094
8969087
8980192
8989779
9030624
9031174
9035035
9059671
9062563
9065319
9094883
9113776
9124631
9126547
9131647
9152471
9171168
9172190
9173318
9179244
9184477
9191413
9194654
9208320
9218274
9229219
9237090
9243825
9253450
9274572
9276064
9277059
9319895
9334921
9345928
9347642
9352625
9363867
9398526
9439728
9441892
9450447
9451110
9469802
9478483
9486343
9491717
9494683
9497694
9504857
9508524
9509974
9545903
9547998
9567871
9597732
9611676
9626052
9634365
9656509
9671452
9679129
9681280
9682656
9698901
9699246
9716908
9725945
9727948
9728341
9732967
9760505
9781398
9786286
9797088
9797202
9803313
9803937
9823437
9831099
9854604
9873869
9877016
9882125
9885630
9886300
9947604
9975150
9990688
9999681
10006165
10007523
10038665
10038784
10041311
10055706
10056730
10058789
10064040
10065875
10067703
10070981
10106990
10113587
10114971
10122489
10129001
10142778
10147994
10156524
10165130
10166020
10167107
10172611
10186836
10191544
10199538
10200120
10234258
10243794
10246703
10255373
10256008
10257768
10260711
10270334
10275058
10275185
10276554
10277293
10277786
10286661
10289646
10292828
10315269
10315407
10316598
10316807
10351643
10359299
10375849
10401082
10438490
10443411
10446540
10461466
10463825
10463867
10470091
10470913
10476329
10479014
10487742
10525447
10526430
10530049
10561597
10564090
10566051
10582953
10583386
10585127
10594468
10602175
10608491
10626231
10635636
10638969
10652588
10659065
10676942
10689525
10707882
10744486
10750918
10752527
10769542
10781628
10783569
10790974
10800618
10802998
10803383
10829479
10834941
10841270
10841475
10864712
10873422
10880080
10882978
10905562
10908184
10920440
10950180
10950845
10954742
10957975
10962418
10972097
10987162
10990254
11014253
11015163
11041647
11052593
11056890
11064348
11085969
11103203
11138546
11143951
11151105
11160383
11174025
11176599
11182033
11184070
11193163
11196743
11204686
11215493
11223229
11238087
11250437
11269082
11271057
11277880
11294758
11300097
11334466
11335888
11338733
11343354
11347802
11350829
11351851
11352953
11368502
11377608
11378984
11386947
11399145
11402876
11434607
11437241
11450747
11460297
11467362
11467402
11476612
11484148
11499612
11508046
11517596
11537027
11541585
11553673
11555009
11558032
11563892
11581886
11614861
11616315
11618973
11620327
11623717
11628959
11631521
11633448
11645781
11665336
11677663
11682879
11688198
11689438
11694339
11703322
11718814
11721785
11726532
11726693
11743487
11751930
11763782
11770647
11775304
11787606
11796499
11809901
11821096
11823959
11839949
11865079
11868314
11875142
11886051
11896012
11903163
11920598
11930827
11939502
11975212
11991744
12009093
12017381
12025656
12032569
12081460
12081490
12084145
12141212
12143960
12144131
12152669
12156860
12176856
12194013
12200591
12201077
12201609
12207802
12227486
12229910
12246031
12254851
12262788
12265497
12267187
12278917
12299038
12300095
12317130
12321250
12339268
12341954
12349010
12350687
12354077
12355097
12359245
12366249
12371067
12380539
12382501
12385407
12386252
12387832
12390847
12400037
12412813
12416683
12417455
12423953
12436551
12445592
12446460
12462240
12463600
12476625
12499895
12518143
12539888
12546414
12546691
12549396
12564841
12570978
12572791
12601289
12608661
12617353
12623553
12626616
12631609
12632749
12664473
12670466
12673946
12677499
12701273
12733184
12736190
12740371
12749607
12751711
12753382
12755480
12765052
12784449
12797050
12810021
12814565
12818589
12830255
12856237
12875758
12876838
12889161
12901338
12907715
12911080
12911497
12912243
12933960
12943597
12945060
12950843
12968311
12968883
12975371
12977816
12982938
13008277
13024774
13063848
13082569
13085448
13086826
13094771
13095302
13100238
13117999
13119670
13122757
13126488
13127549
13132894
13135202
13141337
13152277
13159665
13161603
13172423
13172506
13175034
13185902
13190698
13196093
13213154
13213692
13224855
13225021
13246868
13253804
13261452
13264111
13268508
13284275
13287481
13301743
13319385
13321474
13327285
13327775
13348622
13351643
13353106
13378006
13383079
13391418
13402439
13404340
13415843
13420664
13443386
13450237
13457624
13479347
13501842
13524105
13534559
13538385
13545798
13569943
13571442
13582818
13612412
13629425
13630713
13630886
13631556
13634260
13667267
13694130
13695017
13713193
13724820
13732087
13732456
13755076
13760878
13782042
13813309
13814469
13860788
13863938
13871943
13882924
13894967
13901829
13911688
13919233
13924878
13926265
13939501
13939710
13942086
13946091
13969604
14001430
14004513
14019143
14031362
14060331
14071011
14074669
14080921
14086036
14090140
14116543
14121340
14125870
14134897
14138928
14139879
14152550
14162739
14177039
14183944
14186826
14188191
14197652
14200370
14211255
14239423
14264378
14271154
14281146
14283383
14283462
14285125
14292531
14292745
14296187
14336369
14343028
14388305
14389904
14392667
14400829
14401836
14402491
14429940
14431871
14434363
14438454
14451580
14456967
14465191
14467521
14482250
14501441
14542368
14545319
14554584
14591080
14599130
14607050
14621449
14638747
14643464
14672394
14692485
14698644
14709953
14714522
14714902
14726391
14727256
14763473
14774544
14775918
14776130
14780211
14805581
14818790
14841014
14853563
14858326
14858976
14869861
14920529
14922994
14925917
14929214
14938374
14970118
14979997
14987405
14987965
15001956
15014561
15017811
15019250
15023364
15024138
15028533
15029642
15038311
15043061
15055618
15061998
15062086
15065131
15070877
15072066
15074451
15081524
15093473
15098634
15106836
15107085
15127722
15129202
15153648
15187222
15202504
15208959
15209244
15241674
15246035
15268246
15307308
15317934
15326235
15329350
15350477
15362694
15366360
15383055
15395907
15428944
15433697
15460285
15461495
15468643
15481237
15488101
15512081
15536740
15545306
15548613
15549821
15562517
15566341
15587948
15592844
15598078
15615999
15623394
15631806
15640285
15640843
15642005
15650671
15662887
15677564
15687662
15690615
15690919
15696216
15723198
15736366
15748868
15754416
15757677
15758517
15767024
15774044
15774493
15778697
15780051
15783556
15793349
15798355
15805670
15835835
15849411
15854682
15870088
15880193
15884699
15886187
15902055
15914800
15915826
15916962
15920627
15926090
15927022
15958920
15968910
15986223
15986896
15994211
15995704
16000101
16004672
16009024
16013410
16019665
16027993
16066299
16111344
16111346
16130510
16158874
16163404
16167634
16176505
16184874
16194541
16203999
16206744
16218181
16222778
16253075
16259509
16264103
16265414
16270039
16292437
16311878
16320116
16345198
16347572
16350036
16359051
16365343
16377620
16384145
16385589
16402308
16412048
16415013
16416095
16416133
16418845
16446348
16491555
16514470
16514728
16520894
16528345
16529791
16546196
16547956
16553098
16556624
16557246
16588379
16627827
16631404
16656008
16657742
16663992
16669725
16675180
16675652
16677927
16709304
16744893
16749863
16749973
16763260
16776897
16782164
16788495
16793360
16793539
16797014
16801983
16807744
16807783
16816851
16833047
16841332
16841545
16850477
16866763
16867206
16875437
16880553
16883003
16900093
16901964
16906983
16917162
16924270
16948780
16969808
16975736
17009853
17009913
17010944
17017091
17019184
17023155
17040166
17049460
17049654
17065014
17070699
17076734
17087306
17089120
17092130
17095910
17133876
17154004
17209538
17215427
17231275
17248168
17248502
17255707
17277275
17292984
17300455
17301500
17310076
17312973
17317977
17348103
17361351
17361598
17370481
17372874
17381194
17382388
17384399
17391146
17394864
17399591
17405174
17420938
17421411
17421440
17424845
17431721
17449244
17470833
17473541
17478662
17479936
17480466
17498460
17515422
17522707
17529495
17535382
17536895
17537569
17545813
17575604
17581621
17591922
17593594
17616518
17628765
17643684
17647541
17671694
17675995
17686203
17723889
17726842
17736640
17754269
17757052
17768036
17771780
17803739
17811436
17819079
17822276
17823620
17829856
17832084
17835228
17844180
17844411
17844565
17849053
17871747
17880953
17889067
17913520
17939439
17940254
17946012
17949823
17950434
17958301
17963527
17966058
17979383
17999921
18005596
18041611
18047460
18048351
18059822
18087275
18121813
18132737
18157265
18168220
18175810
18203116
18208198
18228346
18251232
18255784
18257712
18263948
18264737
18280297
18298538
18303605
18310497
18315326
18320043
18326110
18331449
18333730
18337442
18346517
18352571
18360746
18367342
18367461
18388574
18402861
18414568
18416202
18418816
18423467
18432286
18438336
18439891
18457981
18465798
18498974
18501499
18502636
18514734
18536203
18538019
18538750
18544671
18559998
18562579
18568214
18584964
18605007
18607411
18619349
18620275
18627278
18627890
18632635
18633046
18636087
18641008
18641487
18655685
18661921
18672678
18674485
18680031
18703161
18707114
18710907
18735308
18789298
18789429
18791817
18794405
18800488
18802958
18805964
18827749
18833796
18839219
18843371
18867827
18887705
18901110
18904605
18905044
18922845
18925197
18949158
18957722
18966762
18972950
18973072
18976390
18978433
18980012
18984911
18996167
19007362
19008998
19013948
19014644
19027137
19028352
19031840
19040547
19049001
19052661
19054108
19057566
19094741
19108040
19108358
19108591
19114066
19126829
19158206
19175055
19176861
19181228
19184912
19185274
19188456
19199850
19210378
19212988
19226035
19248050
19270160
19274151
19286560
19294711
19302182
19312224
19337169
19338156
19339895
19349899
19354679
19405607
19411941
19420606
19441558
19448382
19456989
19467418
19475399
19477443
19485747
19502034
19515136
19531048
19532278
19560896
19579063
19595365
19605030
19637257
19645814
19649677
19653306
19654468
19670556
19672532
19689783
19727446
19744038
19750404
19772709
19777162
19777234
19791373
19809172
19812576
19826825
19836534
19838684
19843793
19851927
19854601
19857538
19874646
19883535
19894262
19903328
19927436
19947499
19949628
19972941
19982987
19986211
20008356
20031006
20058334
20068697
20077665
20083289
20093599
20095619
20132069
20135223
20137720
20138898
20143379
20148432
20151181
20178226
20180718
20186845
20201112
20212596
20250555
20258295
20263744
20275600
20278654
20282171
20284300
20292555
20301346
20308326
20322642
20349920
20351459
20371187
20385751
20397235
20415824
20424712
20449229
20453198
20461086
20463657
20477762
20480325
20503475
20508695
20568810
20600583
20616643
20618416
20622539
20645101
20674168
20680089
20682029
20684964
20701487
20706829
20719072
20725949
20733012
20735146
20737156
20754706
20768817
20770388
20778465
20782847
20789534
20802065
20817476
20821280
20825643
20834345
20842293
20854326
20874142
20875734
20876754
20883668
20891728
20905434
20906342
20910972
20954842
20956312
20972723
20976533
20977524
21005237
21009062
21026161
21028700
21032009
21042825
21053045
21072900
21080100
21085443
21110045
21114858
21116155
21127926
21134978
21135626
21139213
21141152
21143146
21168566
21180724
21184599
21185775
21203925
21216723
21219632
21240960
21241880
21244170
21259727
21272980
21276941
21300505
21309627
21319189
21322781
21337995
21338433
21342305
21359211
21360815
21367845
21368744
21391016
21391602
21408901
21445741
21446719
21448066
21454058
21480843
21482695
21487507
21516980
21528133
21549573
21553936
21568409
21573544
21597203
21608465
21629282
21629430
21640237
21669515
21691371
21695395
21696338
21698988
21712433
21713893
21716659
21722999
21735490
21737903
21762178
21769008
21769508
21791790
21802042
21808147
21809966
21818407
21818595
21852620
21872818
21874380
21875794
21875811
21880884
21895755
21900333
21923203
21932619
21940506
21946169
21946631
21947799
21955998
21968121
21972628
21998000
22004130
22016393
22024621
22039963
22058429
22063677
22068611
22069081
22069770
22081788
22085318
22095521
22105257
22115938
22126794
22132416
22133832
22137958
22138640
22143529
22145181
22186413
22189543
22202770
22203205
22206749
22223076
22224020
22226570
22250917
22255951
22263918
22271712
22275516
22280189
22302418
22302838
22311739
22315954
22319817
22323800
22330896
22335726
22342636
22346319
22348070
22351329
22356718
22358533
22364858
22367585
22378865
22386773
22400918
22410649
22421802
22427053
22434874
22438103
22439212
22460505
22473476
22491067
22502163
22507125
22509080
22513624
22516227
22533990
22535215
22535276
22546691
22556599
22572582
22587770
22604528
22610971
22635091
22635441
22638808
22671187
22675976
22687189
22690923
22694304
22698834
22703600
22719637
22729663
22740267
22750159
22753785
22767118
22784903
22786045
22793401
22832615
22835238
22837673
22845049
22851830
22852539
22859025
22872945
22884822
22885351
22894162
22906466
22909261
22914928
22916843
22925160
22961877
22976193
22983976
22991296
22993066
22995319
23008636
23017414
23021535
23024427
23042581
23043088
23051655
23053835
23071942
23073240
23077315
23085853
23094737
23095030
23104543
23132409
23133952
23138019
23145706
23147342
23150795
23150878
23155928
23168352
23174704
23183086
23186747
23188911
23195571
23222002
23235673
23258610
23260104
23266877
23275571
23280634
23301264
23309224
23339016
23347490
23354702
23356271
23381137
23394247
23395094
23416940
23427435
23435773
23436022
23457272
23461246
23471401
23484063
23500340
23506215
23509929
23516662
23535001
23538877
23539105
23544876
23547833
23550148
23559161
23561584
23571290
23600900
23606890
23617831
23631842
23643899
23658362
23659323
23672067
23703343
23704368
23717516
23725009
23729633
23731451
23736198
23752077
23769271
23774998
23776812
23780572
23809146
23814634
23818267
23824012
23825906
23831333
23838505
23844703
23852496
23873118
23886355
23912641
23920193
23922736
23927134
23933396
23982414
23992093
23996942
24029740
24031230
24043877
24044627
24053536
24065029
24078491
24103478
24118930
24137116
24146229
24158102
24175968
24199719
24223003
24232128
24247688
24249764
24259624
24277178
24278446
24302757
24321069
24325984
24333757
24339756
24340081
24355892
24363782
24371616
24402236
24407388
24420139
24423090
24425101
24442533
24460040
24460721
24462291
24478806
24507258
24537421
24545850
24552320
24565514
24574644
24595356
24609034
24609263
24609394
24618552
24630999
24637728
24642425
24644488
24646908
24677108
24699198
24703221
24707073
24707428
24708499
24718112
24718853
24720850
24727571
24733663
24738244
24741387
24744312
24758932
24768338
24787554
24817733
24818869
24829318
24831931
24843813
24852407
24857302
24869656
24884050
24892563
24915010
24915023
24920261
24924949
24960132
24963138
24970758
24987418
24996227
24998968
25016735
25033872
25045440
25045865
25058251
25061897
25072788
25073021
25110000
25120973
25126305
25152636
25175674
25178226
25210939
25221487
25230626
25242179
25243784
25267815
25280312
25285761
25292773
25315214
25346223
25347284
25357583
25358079
25359066
25361846
25367558
25371761
25376189
25386263
25392113
25400935
25416301
25422251
25437336
25449097
25449204
25453906
25466197
25499595
25501714
25518063
25526058
25526625
25532969
25549667
25573641
25585002
25588424
25600074
25641121
25647497
25647926
25650109
25650194
25650257
25653823
25660946
25664237
25672519
25678171
25688909
25729035
25729814
25735631
25740762
25742417
25752014
25756480
25759493
25761166
25772319
25787976
25797280
25797851
25798776
25802948
25805464
25816647
25818188
25818321
25824713
25842402
25849076
25850288
25865802
25867742
25880896
25892046
25921930
25944705
25968901
26004064
26019552
26019779
26028637
26032827
26044702
26048213
26048362
26053906
26058553
26075307
26112105
26119940
26125845
26131433
26136424
26142684
26151529
26165084
26177768
26186812
26201874
26206626
26227823
26241106
26252396
26255022
26257145
26273348
26280312
26281732
26285465
26288877
26301161
26306655
26316771
26319712
26319731
26354390
26378949
26386404
26388375
26399132
26399479
26412922
26418157
26443569
26452215
26453393
26459056
26467110
26481670
26490226
26497061
26519739
26521655
26525502
26529653
26567475
26569206
26577862
26578605
26600812
26640784
26643276
26656629
26669147
26699078
26711969
26713112
26720863
26737256
26754295
26776054
26791346
26796958
26803985
26826851
26828351
26836881
26838734
26846435
26852029
26868543
26922694
26936520
26942444
26943910
26945290
26956747
26956766
26971265
26974801
26985584
27004203
27040407
27055329
27059511
27068035
27074661
27097598
27101376
27102429
27104719
27113954
27138114
27144180
27145221
27180602
27184847
27199118
27200107
27203793
27213906
27255522
27265533
27278157
27288812
27299163
27310337
27324793
27333006
27341687
27371333
27377862
27416386
27440854
27441013
27455810
27500561
27524848
27552362
27552589
27557952
27573840
27584709
27590090
27598556
27614260
27654824
27699060
27702230
27708476
27711070
27716465
27719479
27722573
27737042
27749096
27760633
27794750
27825934
27843188
27846909
27871248
27910094
27912515
27914206
27915319
27935768
27943932
27957510
27959403
27961294
27964372
27987236
28016962
28044122
28050116
28063868
28100429
28102002
28112680
28113181
28113321
28113624
28116077
28118001
28118811
28127584
28130115
28131556
28135521
28155177
28157737
28168157
28173628
28186804
28197008
28205628
28210760
28242811
28248958
28255827
28261738
28267281
28298534
28307133
28316641
28316965
28329151
28336132
28336534
28336677
28340065
28343754
28346356
28352978
28368270
28375124
28379542
28383080
28385229
28423422
28424285
28426311
28426736
28428140
28445371
28446156
28454901
28469476
28470895
28476632
28489969
28499250
28508576
28510786
28514876
28520125
28523113
28561140
28561266
28563877
28582265
28596199
28625471
28645695
28652184
28668047
28676534
28694588
28695860
28713229
28735445
28737766
28756995
28759617
28760811
28775509
28775583
28777610
28788356
28790452
28790608
28791704
28792214
28806448
28819412
28826511
28840073
28847793
28848748
28866687
28877815
28878169
28878784
28880269
28883376
28888007
28891050
28895154
28928999
28933543
28935474
28945141
28946050
28948712
28971707
28976814
28994679
28999816
29021667
29022275
29022458
29028016
29029210
29029412
29039570
29049881
29059383
29062208
29071851
29076444
29098288
29113042
29116713
29117098
29119163
29127596
29148607
29152017
29160793
29162810
29173403
29174800
29175304
29196032
29201925
29208667
29209516
29210253
29212565
29224869
29227569
29233501
29235296
29272441
29286122
29300061
29308447
29323206
29324621
29335061
29342025
29348910
29353198
29354431
29356607
29357270
29357724
29372741
29381057
29386426
29390943
29393769
29414391
29421175
29425811
29427926
29433702
29438009
29441073
29481918
29502042
29513770
29514904
29528281
29531683
29548130
29552038
29556086
29569390
29579366
29585417
29596353
29600342
29608756
29613188
29616311
29621252
29623220
29644481
29644501
29645307
29656137
29656420
29668070
29669925
29694577
29701912
29704636
29708727
29712152
29717225
29731405
29733985
29738265
29738385
29770002
29783197
29785776
29809489
29846810
29862053
29892036
29895692
29901503
29901919
29902338
29907221
29909197
29917953
29918510
29958475
29960622
29961895
29964602
29966958
29971048
29974282
29991896
30017815
30028058
30038295
30041353
30059702
30075502
30082998
30087439
30097138
30097365
30097367
30099479
30114462
30120580
30148840
30158141
30164591
30175573
30183799
30209342
30221710
30230645
30231823
30239933
30243883
30273146
30287493
30287952
30288560
30295182
30297264
30299265
30313083
30314288
30324165
30326077
30328193
30332050
30333077
30351756
30352070
30354531
30356472
30363626
30363922
30374810
30381512
30385051
30397161
30421583
30426277
30435632
30442677
30449772
30456425
30471259
30481100
30481511
30490869
30492703
30495574
30499992
30503591
30508944
30510527
30519717
30522256
30523775
30534228
30551701
30559027
30563444
30566172
30573959
30589259
30601039
30608494
30615620
30618641
30627313
30642595
30650085
30653064
30654033
30663168
30664530
30683350
30695022
30709248
30754790
30794107
30801281
30804734
30821685
30827219
30851196
30864959
30882905
30893404
30902722
30914123
30916704
30926313
30936365
30944806
30977363
30989135
30995109
31000762
31015303
31015603
31021711
31026782
31038408
31040568
31045803
31063139
31068337
31102543
31105001
31110503
31121696
31134091
31137583
31138158
31140988
31147965
31174057
31184252
31184518
31193849
31204424
31213814
31215510
31220179
31233301
31269036
31282040
31294397
31299155
31315323
31318539
31324422
31329769
31334795
31339717
31340156
31342238
31353113
31360077
31375101
31376964
31383565
31421095
31421103
31424023
31428757
31434422
31438049
31438834
31443255
31453057
31462082
31473008
31477846
31499587
31518580
31523199
31532626
31536996
31563363
31585506
31591774
31592234
31597068
31603218
31624110
31625484
31629705
31629833
31629992
31630178
31631549
31633453
31635769
31642173
31646718
31647771
31651514
31654657
31659880
31690330
31714526
31726054
31728701
31754112
31758570
31764731
31775083
31787762
31789613
31790563
31800434
31801123
31808567
31816585
31822639
31824838
31825869
31831975
31832797
31834859
31866998
31872110
31877190
31885752
31889799
31894772
31900928
31901174
31916242
31918051
31922187
31933276
31939223
31940842
31964666
31978261
31982972
32010146
32010715
32012118
32013724
32017557
32030997
32031850
32032977
32040380
32056321
32057312
32058030
32058709
32065744
32069288
32083551
32101054
32107970
32113664
32116273
32125413
32132849
32135074
32145570
32166113
32199694
32205852
32228365
32242323
32247734
32248898
32250288
32258678
32259905
32265143
32278132
32331127
32337142
32341702
32348572
32371042
32372692
32380590
32385473
32395352
32395673
32406927
32415268
32429453
32429977
32440474
32441544
32447728
32454652
32458659
32485202
32512193
32522699
32530754
32538902
32541535
32555296
32556119
32573162
32573372
32574000
32581662
32608570
32615501
32622692
32624720
32634434
32637497
32644574
32656448
32687841
32697473
32698129
32698994
32710345
32715088
32722868
32728459
32743000
32749237
32754951
32758757
32772898
32779965
32785253
32805567
32811012
32819354
32822377
32834822
32843935
32849837
32860445
32864281
32865893
32866386
32878311
32885370
32894832
32914494
32919534
32928201
32943233
32955801
32976064
32981719
32987749
32989749
32994580
32996410
33004186
33007586
33019410
33026694
33036034
33040549
33077973
33087521
33100486
33103890
33176646
33177494
33187132
33190062
33203476
33252608
33255527
33265220
33293980
33362463
33379013
33380274
33381104
33386965
33392664
33404830
33411295
33415071
33415088
33426545
33429398
33432974
33444993
33445031
33450494
33455536
33455692
33464589
33465875
33481704
33489758
33520038
33520418
33534000
33535101
33563110
33571138
33582811
33583559
33594847
33608836
33647617
33663917
33686112
33687385
33704568
33706783
33712118
33713889
33715264
33719033
33726493
33730481
33747452
33762192
33768481
33768898
33781792
33797122
33800536
33835425
33845204
33860046
33869199
33870699
33872155
33872808
33883440
33885491
33887377
33922043
33938829
33939775
33941762
33951771
33953254
33957571
33959102
33979388
33980258
33985498
33995192
34004419
34022624
34024261
34026944
34029934
34032898
34050211
34055508
34057377
34061993
34067875
34075961
34086947
34088765
34089671
34108053
34109655
34132042
34140691
34160833
34166409
34174439
34175498
34177821
34184231
34210179
34210897
34213704
34222406
34222497
34222983
34234078
34260693
34264033
34309677
34353151
34370099
34373245
34374394
34383735
34390665
34391618
34400857
34422111
34428310
34439800
34451099
34473970
34474207
34475136
34478317
34488856
34493004
34500994
34504900
34515116
34536016
34542787
34564435
34595310
34595807
34605971
34608174
34609682
34629232
34632429
34639146
34642735
34664567
34672568
34678272
34679054
34692723
34695056
34702611
34709859
34718753
34722151
34723943
34725354
34731838
34735647
34746867
34750066
34754466
34757780
34764244
34771889
34776920
34817906
34833711
34835310
34843877
34856419
34860119
34904513
34916774
34927801
34935440
34936056
34950747
34973409
34974179
34976113
34981436
34992973
35005877
35041169
35047494
35057177
35059086
35065525
35095986
35096886
35115809
35120185
35125385
35135001
35135803
35143628
35148678
35159380
35184745
35188498
35188657
35201779
35208422
35212352
35222599
35238595
35263563
35286202
35290751
35305667
35307168
35321138
35324633
35327259
35340288
35344126
35357885
35377274
35408681
35409335
35429796
35466087
35466705
35468362
35496385
35509131
35510495
35511195
35519115
35533238
35544885
35555417
35558061
35561897
35589041
35608985
35610858
35615591
35618579
35619304
35632235
35641758
35672021
35673455
35673507
35698643
35701344
35724023
35731776
35734085
35741208
35752786
35756569
35759061
35761775
35764890
35771515
35774946
35777347
35783018
35785267
35804059
35816858
35850762
35856379
35857907
35866040
35896765
35905771
35905867
35910934
35930894
35958841
35974941
36003704
36014201
36026659
36030352
36049459
36051405
36056827
36075760
36092256
36113310
36127859
36128908
36131506
36154302
36162486
36165508
36178570
36219519
36231368
36244225
36246630
36247982
36248854
36271414
36290613
36293576
36299479
36316017
36328675
36342538
36343009
36346115
36361202
36366195
36368261
36374536
36377412
36390700
36391195
36396090
36400578
36402477
36406416
36411929
36413385
36432965
36433817
36442281
36450513
36484120
36520415
36529209
36540463
36575643
36584489
36615744
36619170
36619576
36620574
36624098
36630926
36631276
36637319
36645341
36666199
36687592
36694548
36710077
36720383
36737880
36760895
36761227
36762156
36768337
36777893
36781363
36792680
36795707
36798227
36798508
36812580
36815364
36820893
36824765
36825468
36837347
36866104
36867952
36892369
36904139
36907112
36922082
36947920
36957503
36964748
36984743
36985602
37014189
37014654
37015745
37028387
37043390
37049340
37052695
37061786
37062696
37064132
37066975
37070377
37074494
37074775
37078917
37082270
37085755
37097770
37099390
37105411
37122781
37124659
37133559
37144008
37165099
37170615
37175464
37177089
37180983
37185135
37187906
37203303
37216011
37240436
37251352
37271144
37300369
37304620
37308110
37308826
37321427
37327647
37329600
37332120
37335459
37352161
37358261
37364625
37383081
37384906
37386585
37406155
37408110
37408224
37415292
37423101
37427532
37444013
37447545
37450098
37457847
37458498
37481070
37481097
37502267
37516743
37537548
37540796
37546779
37550954
37562221
37573483
37578500
37584946
37621089
37627064
37635266
37644985
37694654
37709821
37716153
37719597
37731591
37749095
37755389
37768154
37782726
37783070
37786815
37796135
37799554
37813758
37841522
37858003
37861533
37876186
37879497
37882639
37884767
37890415
37906116
37915171
37928006
37950366
37964420
37984254
38005966
38010716
38026021
38026877
38031535
38038773
38054307
38060527
38082488
38091568
38093142
38126599
38131900
38133665
38135564
38146683
38148987
38149433
38166359
38171496
38175225
38188856
38222281
38224443
38224796
38237086
38239542
38239786
38248602
38254835
38274385
38286726
38293948
38320655
38325851
38327099
38330055
38340323
38353943
38361923
38362241
38366264
38368554
38368558
38374585
38375059
38387497
38389429
38391315
38403125
38411006
38412086
38421465
38434147
38435952
38444697
38456376
38498247
38498582
38500936
38511241
38515488
38523764
38535266
38542264
38557665
38559809
38572237
38636633
38650477
38652605
38674964
38682707
38692534
38708083
38714946
38719692
38723502
38742037
38749696
38770510
38787046
38791754
38799916
38817249
38867256
38870688
38880735
38884228
38885874
38894737
38895782
38896904
38898780
38905037
38923103
38923445
38932109
38946059
38957068
38958496
38959128
38971764
38981871
38995938
39015068
39052878
39060027
39076917
39085728
39093876
39100209
39119179
39130743
39149985
39153298
39155506
39155870
39167453
39171860
39182375
39196966
39210888
39225905
39235569
39240026
39244090
39259125
39275657
39297610
39299833
39316732
39321517
39331199
39335115
39339109
39346495
39348296
39360936
39362554
39364194
39373899
39375831
39380015
39397555
39417564
39425768
39431400
39434325
39438811
39439224
39440231
39441843
39450682
39462330
39487919
39489491
39494380
39555574
39566436
39573681
39617451
39627457
39639938
39665377
39666326
39692588
39694718
39694750
39703117
39704543
39708528
39719169
39728599
39734076
39735352
39750431
39771633
39784817
39812106
39820756
39835460
39838244
39838362
39843256
39869121
39874944
39925997
39951941
39967380
39972493
40002749
40006866
40012673
40013914
40016006
40059251
40060168
40067256
40072121
40083202
40115396
40120677
40122639
40134437
40143551
40173287
40174795
40183604
40195768
40201978
40206356
40213531
40215686
40217556
40226161
40241178
40245706
40253611
40264813
40278468
40285160
40292949
40295842
40312760
40315193
40348797
40356152
40365953
40373897
40401104
40401358
40412635
40450184
40456338
40465243
40498309
40505399
40581865
40583275
40583750
40595602
40603543
40617556
40624909
40650532
40652253
40655439
40660426
40665215
40674106
40709676
40729021
40740005
40740409
40746873
40792073
40793815
40820511
40851737
40859284
40871518
40878002
40883305
40889623
40890068
40897999
40960033
40961728
40966679
40980610
40988350
41002524
41008783
41014677
41019819
41033926
41048347
41050108
41057672
41061121
41075398
41084739
41088497
41092111
41106827
41135610
41159655
41181513
41184343
41194383
41219511
41229911
41239602
41246679
41250770
41258377
41268683
41273723
41273851
41284904
41285763
41297053
41309148
41318435
41332671
41339613
41342174
41350968
41361288
41371763
41372685
41389941
41409260
41409617
41420981
41445524
41447580
41459141
41461956
41466416
41482707
41511454
41518628
41523670
41533181
41565080
41577207
41583733
41600088
41600807
41607276
41626647
41632213
41637533
41650439
41652579
41664618
41672893
41673791
41674738
41675497
41679573
41683000
41685602
41688501
41689298
41700030
41714614
41716890
41734917
41747979
41748036
41748537
41755070
41761778
41762600
41767325
41803491
41822924
41827187
41835108
41836903
41843001
41843097
41851152
41852401
41861432
41868091
41878379
41879355
41882519
41882806
41914742
41917681
41941315
41962535
41978008
41990098
41990219
42007230
42035093
42042312
42045788
42054828
42064962
42071165
42077685
42084545
42090517
42099814
42100229
42106538
42107445
42129070
42132995
42133305
42147215
42164545
42177310
42223690
42237306
42239910
42251253
42253955
42267903
42278656
42296134
42299951
42345744
42348828
42354058
42364128
42366211
42383912
42385481
42397411
42400466
42418609
42462252
42462335
42464904
42472149
42476853
42494649
42500035
42538515
42566032
42567634
42572538
42573366
42573684
42576693
42588250
42596097
42604784
42610267
42636487
42648724
42657343
42666426
42669480
42680500
42687522
42691964
42696972
42711174
42734866
42746674
42761719
42789048
42799723
42801270
42829377
42859466
42869580
42879361
42884442
42899344
42901490
42912703
42947225
42949373
42976056
43001048
43016582
43048500
43058980
43069603
43072442
43077393
43087669
43107164
43132199
43156202
43170853
43171972
43172590
43175435
43180223
43190863
43211750
43234765
43245138
43253653
43255314
43263900
43278671
43284406
43303759
43308412
43318830
43319344
43320779
43324717
43352018
43360507
43372626
43373149
43388570
43395019
43399599
43403500
43416430
43416557
43439911
43444387
43456543
43467472
43473569
43475161
43489618
43489879
43490153
43491836
43500575
43510512
43517277
43528331
43549089
43550177
43555746
43560998
43566370
43572479
43574216
43574569
43576034
43585354
43616073
43622609
43629014
43639735
43647463
43654726
43668858
43671995
43672247
43675680
43677505
43686680
43691634
43697512
43707374
43709044
43725894
43726162
43739292
43742794
43742821
43747713
43768839
43769800
43775919
43776120
43793452
43797356
43810760
43832650
43844287
43850719
43866043
43875507
43884565
43886474
43894920
43901530
43925729
43979555
43999833
44009422
44010696
44016705
44052548
44066375
44087273
44094347
44119639
44122861
44128600
44131250
44138831
44155607
44168332
44169599
44170960
44192826
44200657
44201071
44220169
44230037
44236918
44243337
44244938
44262351
44292945
44302033
44308498
44315282
44320583
44332842
44350481
44358737
44363278
44367570
44381559
44381657
44388729
44396365
44417571
44428247
44430121
44444269
44500201
44502164
44516123
44519773
44525365
44532205
44548657
44557779
44559263
44597362
44625731
44628877
44631814
44634896
44653146
44663400
44670973
44684262
44704482
44705031
44706780
44707585
44707915
44709005
44727194
44728044
44733578
44738729
44755527
44771927
44774539
44780930
44800512
44803686
44824403
44827091
44866551
44868894
44882436
44884045
44901205
44901306
44908377
44919647
44926601
44927404
44938226
44939105
44946403
44977107
44984801
44986377
44996171
44998580
45032356
45034618
45053822
45053993
45060917
45062571
45063648
45076442
45092041
45097155
45099610
45099895
45104952
45111555
45124264
45128957
45132054
45135133
45137853
45139814
45151428
45166878
45169250
45170423
45172294
45179228
45188000
45192782
45197785
45211180
45221662
45222698
45243809
45250720
45271634
45279837
45283275
45291483
45295984
45302651
45320113
45322646
45323030
45360883
45363592
45366972
45375011
45377005
45399566
45406417
45412492
45418977
45423465
45440823
45447510
45447564
45449574
45451928
45491396
45504662
45506035
45520007
45543008
45543926
45549621
45552463
45573244
45575876
45576379
45578276
45626854
45633640
45635109
45642941
45645907
45660920
45688647
45706296
45708884
45717193
45719494
45724199
45753155
45754334
45758792
45766435
45786254
45786672
45813029
45819833
45835599
45838567
45842544
45853390
45854976
45874211
45874959
45885996
45886215
45901189
45910646
45913741
45919285
45930109
45940696
45940933
45945645
45948421
45950656
45962426
45966111
45997706
46007035
46014969
46020428
46028173
46035730
46037614
46040586
46044607
46054292
46058395
46058850
46059125
46060292
46069524
46091604
46096774
46105658
46111373
46123951
46140562
46147874
46148181
46151352
46226567
46227605
46228238
46230151
46238293
46244307
46256872
46271749
46282240
46295326
46297976
46298354
46298937
46306288
46306916
46319924
46344661
46355177
46368153
46386780
46387380
46388309
46400775
46402394
46406625
46421859
46427733
46427765
46429336
46450333
46453028
46525326
46525924
46547260
46550892
46571650
46576432
46587118
46587798
46598684
46611887
46626238
46634307
46657611
46671541
46678284
46689913
46690269
46699862
46701344
46719107
46727488
46754809
46755551
46776619
46835083
46841928
46843881
46871296
46876513
46881266
46887407
46890111
46915406
46929528
46945308
46948042
46955022
46955652
46955672
46969216
46989630
46995853
47014518
47021654
47023008
47026982
47042952
47051798
47077512
47082652
47083345
47089313
47098052
47106959
47114706
47126402
47126533
47170094
47175621
47234865
47243721
47251377
47282395
47305201
47305685
47307554
47307825
47318113
47319956
47321538
47334201
47356819
47394876
47398666
47400555
47400586
47404528
47405288
47418455
47420099
47422659
47422836
47435757
47446987
47466694
47472538
47476176
47480803
47482994
47486914
47528254
47552187
47567829
47567954
47605341
47610964
47618296
47633677
47636279
47642989
47646301
47655145
47672769
47683093
47698077
47722508
47725434
47731168
47739891
47741338
47753105
47761234
47785980
47788298
47794410
47819254
47823072
47842755
47856545
47875592
47881169
47895125
47903585
47905212
47935538
47943204
47947578
47979702
48018701
48020195
48023618
48034643
48057327
48061399
48079913
48083154
48087200
48088213
48093330
48111818
48123425
48133406
48152145
48160828
48165741
48166278
48168815
48170644
48185742
48196583
48196680
48226857
48230082
48243456
48247700
48256274
48258081
48294600
48323554
48345792
48346181
48358395
48358890
48374409
48375768
48386913
48400950
48402808
48403221
48417858
48418510
48422956
48433202
48437946
48451273
48468078
48470644
48486885
48490936
48492110
48504826
48506345
48519930
48528452
48548808
48556464
48572698
48577624
48589191
48598926
48602150
48603421
48603681
48636153
48641695
48645651
48677137
48687936
48701447
48701626
48709922
48713811
48716051
48717884
48726615
48733286
48739420
48760220
48769381
48776134
48786054
48786834
48788780
48807522
48831816
48844442
48844459
48854357
48861279
48866307
48868037
48869670
48872037
48877513
48880401
48903267
48932786
48938837
48942973
48946117
48966110
48977197
48980477
48983979
48989836
49037892
49045437
49049755
49062006
49064689
49070400
49076103
49076821
49078482
49088673
49099477
49102061
49103062
49105543
49109141
49112154
49119369
49138661
49145152
49162994
49178471
49192760
49214959
49222009
49222751
49239669
49241152
49243572
49276949
49310063
49312368
49329477
49345586
49360195
49363269
49364695
49370325
49380809
49387486
49390531
49398155
49407452
49412261
49415017
49418898
49429314
49446207
49452963
49464626
49470595
49484233
49500926
49506466
49508433
49541888
49545690
49568829
49585718
49603000
49603046
49604041
49610729
49636660
49655999
49663744
49690703
49699952
49702951
49712160
49744553
49745469
49754174
49756963
49767279
49768474
49773569
49775319
49779277
49798728
49843691
49855370
49859897
49860138
49864013
49877330
49889291
49915571
49936050
49940481
49944656
49947503
49959703
49972015
50016231
50028525
50031463
50064869
50077057
50099964
50110379
50119494
50126718
50131388
50134645
50155658
50168804
50194585
50197605
50201663
50210932
50212827
50239574
50253453
50258003
50259049
50262526
50288453
50304215
50312719
50339735
50340948
50407098
50429632
50451276
50469855
50519167
50521282
50523807
50532435
50534030
50539037
50543880
50551587
50563625
50577187
50582761
50601720
50611144
50633640
50634584
50639656
50641880
50651420
50654899
50658343
50675597
50722087
50723860
50726206
50726726
50728979
50734676
50738512
50750166
50751052
50755635
50759122
50769765
50785283
50793697
50810745
50834639
50846540
50853857
50870725
50902463
50909475
50924811
50932570
50932879
50961800
50962612
50970158
50970385
50976335
50978353
50979495
50980031
50981129
50988404
50991149
50996984
51021136
51027631
51044996
51050533
51060162
51065738
51078439
51082252
51085447
51106842
51112688
51113695
51115644
51118775
51121843
51122547
51130815
51131303
51134944
51142595
51143770
51144688
51150866
51150959
51152072
51157771
51195328
51197907
51199457
51200775
51210892
51214693
51216711
51245120
51252870
51267234
51295987
51303171
51306969
51311243
51314294
51332876
51333218
51333609
51339393
51344368
51345324
51357897
51366347
51381159
51388586
51403477
51415186
51419877
51420293
51441684
51443673
51454024
51475761
51481718
51511354
51517575
51523078
51538073
51556197
51578251
51580427
51587076
51623013
51633969
51640504
51650319
51652131
51663571
51670535
51671440
51676074
51677483
51684418
51686679
51687274
51691744
51704367
51706043
51713077
51738675
51748303
51751288
51759186
51774876
51776206
51795273
51805917
51829757
51852982
51859951
51861806
51868548
51869905
51876975
51882084
51891388
51896589
51948628
51956720
51962048
51962668
51967344
51972084
51989403
51994097
52007502
52015053
52015130
52041139
52041172
52042087
52055537
52071105
52078325
52081611
52088551
52137902
52140282
52144102
52144797
52162418
52181665
52190047
52200285
52201174
52227665
52248978
52253967
52255670
52263567
52278874
52303213
52304161
52304641
52307291
52315902
52320436
52323435
52323464
52324632
52331369
52334885
52337080
52352793
52365124
52373312
52374220
52394424
52396487
52415780
52419053
52425478
52426400
52435281
52472446
52509302
52541874
52577638
52593562
52608942
52617228
52619965
52627305
52653933
52668846
52672504
52686634
52687856
52696441
52712594
52712630
52723052
52746321
52769283
52770006
52775082
52781682
52793671
52796225
52809944
52822947
52865472
52870282
52874256
52889534
52912119
52924500
52930676
52947128
52960630
53028671
53041988
53064744
53066060
53085028
53101750
53131372
53195784
53196940
53197206
53202635
53218414
53218504
53231768
53244066
53255861
53263573
53332357
53334456
53346372
53348219
53362018
53364830
53373950
53375651
53408046
53412710
53425464
53441827
53446149
53467749
53525147
53533405
53550738
53570256
53579876
53599733
53603664
53604671
53605436
53612946
53629431
53634642
53641659
53650710
53653214
53656210
53660135
53661138
53661468
53665975
53671329
53691931
53699667
53721353
53722662
53743337
53753233
53766560
53806742
53807753
53808000
53818765
53825477
53831691
53833360
53836474
53840744
53846848
53853188
53854578
53858896
53861117
53868522
53888039
53893601
53895969
53904974
53912318
53939139
53948900
53955642
53975365
53980948
53981492
54001499
54024870
54030533
54031509
54045359
54064056
54090840
54092511
54107288
54133759
54136279
54146888
54151749
54153500
54174511
54202194
54205230
54210560
54225541
54234362
54235284
54247482
54253855
54272402
54274739
54279415
54279629
54286888
54287898
54288354
54289238
54297597
54305858
54312356
54314726
54316104
54320995
54322570
54330024
54354037
54354639
54357985
54367080
54375946
54425825
54432420
54437390
54471739
54472145
54475604
54483242
54488555
54498746
54500085
54518129
54522912
54524873
54525020
54525882
54526743
54545111
54563348
54571061
54602536
54602548
54612073
54634937
54637607
54676088
54680343
54689801
54690749
54699415
54713689
54719851
54726356
54734776
54741749
54752881
54758953
54767109
54782370
54786836
54799503
54814481
54815319
54828263
54865676
54890610
54902911
54928991
54931509
54935718
54947034
54989287
54997385
55006165
55034081
55036688
55045297
55050732
55067819
55070222
55073971
55083664
55093829
55098427
55107700
55110972
55119913
55120155
55132841
55134219
55148206
55158651
55164199
55181543
55189133
55200272
55202822
55204532
55209072
55215202
55250556
55266097
55275755
55286973
55292790
55314066
55315579
55329264
55331714
55332977
55337890
55347354
55347798
55361767
55362636
55367424
55370021
55373843
55392175
55404772
55405179
55409649
55411419
55420080
55445703
55446773
55454466
55466352
55473262
55479494
55487604
55513590
55515699
55530199
55535894
55542253
55547752
55567389
55569350
55574881
55583806
55591347
55592211
55671159
55676957
55681767
55684664
55695711
55696184
55699499
55703648
55703833
55707083
55709876
55734635
55739448
55767983
55791990
55793182
55802476
55802479
55809461
55820081
55834048
55852345
55852477
55856170
55859892
55912562
55922068
55936675
55945187
55949836
55962334
55964227
55966591
55974635
55975644
55977396
55989565
55992991
55996044
56004933
56012303
56029609
56030005
56037166
56048658
56078564
56084442
56115321
56132826
56141748
56151488
56156477
56169657
56185044
56200288
56200406
56201957
56249328
56250989
56267537
56294375
56300713
56309574
56316968
56322796
56331717
56336169
56340017
56349551
56383420
56391344
56398150
56411099
56419302
56420077
56428276
56446746
56469047
56473037
56480860
56483447
56488729
56495393
56503159
56505491
56506039
56516010
56557569
56559028
56568119
56570441
56582206
56586346
56610922
56613159
56618797
56621787
56622108
56627219
56636374
56647478
56666363
56676589
56696557
56703497
56752934
56768412
56772131
56782140
56790144
56800270
56803928
56807416
56808705
56809068
56814470
56831262
56844368
56849595
56858074
56869934
56899075
56913986
56914624
56921643
56933132
56958305
56961993
56999324
56999934
57004721
57016711
57031834
57046537
57049644
57050978
57053611
57063428
57070011
57071825
57072107
57092182
57101772
57106567
57108784
57133130
57139021
57147801
57149606
57157437
57161722
57166386
57179906
57182904
57190846
57191910
57216805
57234402
57239195
57241834
57246533
57255993
57271225
57283579
57286581
57299154
57305513
57332065
57347044
57347112
57349082
57350659
57362375
57376128
57397669
57407038
57429371
57429920
57446247
57495252
57514335
57526012
57548526
57556927
57564866
57581487
57583668
57586983
57593292
57594955
57603280
57603788
57613859
57625122
57631152
57638289
57649593
57658862
57686672
57689220
57690358
57700214
57718467
57784503
57784686
57793806
57815419
57834672
57835681
57836879
57857070
57859112
57862043
57879688
57880636
57893275
57900695
57933357
57941110
57947673
57968256
57968619
57969680
57977195
57998364
58001230
58016586
58026874
58032865
58033497
58057410
58059524
58064581
58074159
58077774
58081698
58085325
58088318
58099548
58108166
58125200
58129923
58137526
58143320
58147869
58156364
58163047
58182637
58222762
58247750
58272936
58275896
58283802
58286553
58291079
58294367
58314584
58337371
58338002
58352981
58374017
58374990
58399855
58402908
58415782
58443007
58467071
58475049
58490672
58514224
58531318
58533062
58549508
58591376
58601171
58626070
58639804
58665948
58669363
58669999
58675449
58676272
58681279
58691582
58705739
58706648
58711942
58715584
58720622
58733249
58742266
58752361
58758860
58760968
58784227
58795008
58802740
58830291
58862481
58878750
58887400
58890929
58894626
58899089
58902349
58915606
58962031
58974051
58980980
58982387
58999231
59022172
59028012
59036330
59051743
59065891
59067968
59128154
59164220
59186064
59188664
59188913
59191657
59200470
59215070
59227243
59247217
59256240
59256904
59283728
59285730
59289669
59310558
59326072
59327842
59328089
59329386
59333773
59347822
59349799
59360141
59360399
59363378
59395644
59441757
59456113
59460484
59467272
59472768
59479029
59480967
59489999
59502955
59512416
59521752
59544083
59548521
59556130
59556655
59568800
59581373
59596326
59619609
59623704
59627709
59641425
59670462
59673116
59692108
59727421
59748568
59760848
59764014
59765137
59765269
59767464
59773694
59774158
59802123
59815799
59817251
59828456
59847440
59868919
59870769
59873323
59880699
59888001
59895773
59895974
59899250
59911852
59929828
59935050
59957315
59979902
59993150
60003785
60021209
60027999
60052707
60053266
60057995
60066058
60084936
60098705
60109429
60113439
60129297
60134160
60147438
60163982
60168144
60172897
60199987
60207941
60218882
60220780
60240737
60249150
60250864
60251756
60267042
60274609
60302079
60302807
60305124
60306410
60321178
60328095
60332111
60334129
60348156
60361740
60364501
60371494
60372388
60376712
60378966
60389511
60415269
60428672
60439316
60449177
60451048
60473308
60488114
60493552
60500804
60531635
60562608
60575158
60576516
60581843
60583144
60609117
60639753
60644850
60659964
60694201
60724985
60727108
60739715
60746916
60751365
60756076
60760855
60780481
60782287
60801374
60823990
60848501
60853303
60855794
60860021
60860413
60860484
60870424
60880803
60882116
60891177
60912317
60940607
60959495
60967963
60968763
60970883
60971244
60981409
61003630
61014244
61026989
61044251
61049006
61061602
61065719
61065740
61072815
61092688
61094796
61110830
61128641
61146456
61147179
61151807
61166833
61170563
61214978
61221805
61222550
61226034
61229120
61230678
61238038
61253560
61259119
61265933
61268474
61277479
61291161
61294777
61317493
61317884
61331419
61338001
61338620
61344355
61358669
61398548
61408948
61427814
61442906
61445435
61453472
61463805
61466048
61492135
61492815
61510352
61528915
61562795
61572967
61576282
61595741
61605333
61649813
61675452
61684151
61686832
61688375
61701534
61708191
61744239
61764832
61771972
61785686
61797002
61799515
61802285
61812765
61832428
61833328
61833336
61847639
61861856
61885041
61902324
61907357
61945552
61957545
61960398
61970035
61975816
61996825
62008811
62014156
62015168
62015330
62024603
62036914
62051984
62057163
62057839
62065048
62084049
62101384
62119249
62140586
62149207
62167131
62172183
62181382
62182825
62260506
62287851
62288729
62294879
62294949
62298069
62299299
62310469
62319301
62319753
62324872
62328515
62330136
62343159
62354579
62360461
62363114
62364068
62366028
62369125
62404497
62406267
62424378
62425316
62441629
62468646
62474988
62496719
62498862
62516577
62517721
62544103
62544546
62548854
62555854
62561837
62573078
62588282
62588404
62595131
62595578
62606532
62608583
62610783
62617299
62620862
62655289
62657117
62658089
62660007
62661690
62669303
62732455
62743862
62747668
62755684
62760409
62768785
62801207
62807137
62816719
62837275
62845690
62867230
62869197
62906537
62907415
62910653
62917782
62922028
62941586
62944736
62960502
62963665
62966297
62967194
62969024
62973577
62999133
63010461
63023332
63025339
63036218
63040881
63072544
63084515
63085068
63092268
63097408
63111103
63114804
63134874
63142934
63144047
63144849
63167068
63170349
63173361
63175157
63177173
63178212
63195668
63198467
63198536
63203319
63216772
63220390
63221182
63225281
63274531
63281596
63292159
63294483
63341100
63345118
63345213
63363055
63369913
63378851
63379711
63399502
63419479
63434030
63435896
63449049
63471931
63477535
63510917
63520264
63532051
63539611
63547993
63572119
63573387
63582034
63594307
63595774
63596644
63602037
63605301
63616884
63622762
63634445
63642388
63697152
63710056
63714868
63735086
63783249
63805684
63810126
63811230
63814792
63832728
63833470
63855305
63861795
63877996
63880339
63895754
63908331
63913132
63950968
63955932
63960245
63994774
64007385
64017312
64026076
64030325
64031231
64043823
64058506
64062480
64064875
64080039
64083149
64086827
64098853
64110557
64112796
64113138
64138904
64139565
64146963
64158278
64173842
64177033
64189789
64200001
64213987
64214958
64217067
64218057
64221746
64232707
64263473
64264110
64267453
64283749
64297430
64301868
64305027
64319203
64321191
64332134
64334032
64339303
64342586
64345665
64365424
64383429
64385643
64405617
64419822
64423507
64441276
64463356
64494582
64500910
64510214
64521133
64549150
64562759
64579808
64594604
64605726
64648031
64656823
64664513
64679777
64680828
64683247
64692355
64693243
64693945
64698885
64712661
64720456
64732920
64740080
64757104
64801177
64811147
64824717
64831935
64863188
64886254
64903633
64937793
64964932
64971770
64972300
64983526
65025333
65047109
65055120
65057410
65063712
65068853
65081452
65081849
65084640
65090123
65092567
65093562
65098481
65133812
65160672
65189089
65193825
65197668
65199618
65247141
65258352
65264562
65265392
65275338
65277534
65295288
65315781
65322933
65333826
65334763
65354784
65433141
65445392
65451305
65455252
65461133
65465572
65472707
65486962
65492453
65507446
65520312
65525350
65541102
65544010
65559838
65565607
65568412
65571409
65573854
65577920
65581399
65594316
65596804
65615042
65620184
65621577
65628202
65628695
65631984
65637555
65649828
65668766
65671833
65673266
65691331
65696129
65716139
65722057
65727909
65731431
65741932
65746793
65769201
65786192
65787082
65787172
65817223
65824317
65843922
65846210
65874746
65874785
65875476
65886321
65892367
65892960
65911308
65928323
65928966
65930231
65947882
65951097
65963616
65986458
65995193
66002371
66013847
66058162
66060108
66073202
66082019
66082519
66092392
66094627
66110280
66110674
66113332
66113821
66120802
66128050
66129969
66135262
66146744
66175618
66179636
66192280
66209034
66230995
66232699
66250279
66258119
66266201
66277035
66288162
66296018
66311843
66320677
66323694
66357281
66359266
66363391
66385591
66386575
66402247
66403248
66418101
66420071
66434858
66446340
66456108
66456848
66475941
66478665
66481045
66484161
66502523
66515242
66515573
66524681
66527583
66544529
66557492
66561985
66573836
66581913
66604004
66607456
66611013
66629182
66641733
66648054
66670421
66689971
66691854
66697171
66701974
66727301
66739296
66740165
66745304
66750051
66762833
66765106
66781164
66791890
66800645
66802359
66806792
66809300
66819898
66836947
66842386
66844740
66859037
66861529
66864326
66864939
66867049
66876575
66898337
66914439
66923204
66924730
66962956
66982043
66984919
66991807
67002365
67005140
67024807
67064075
67068290
67077761
67078673
67083555
67091610
67096168
67129970
67134318
67138369
67138810
67146482
67147871
67149416
67164165
67187715
67205679
67215035
67218547
67245993
67256059
67259693
67260825
67266723
67270498
67273770
67278378
67279104
67289353
67302680
67304798
67304809
67328524
67335096
67336432
67338321
67338870
67354605
67360053
67371228
67372978
67406071
67412050
67412439
67412454
67432725
67438177
67441695
67476197
67500760
67506087
67514409
67518565
67537590
67545843
67556477
67575405
67587216
67593652
67604704
67615828
67619829
67635946
67644881
67648290
67654218
67679661
67700830
67718699
67722948
67725036
67738752
67742120
67750525
67769653
67801215
67819993
67827737
67848719
67907180
67936127
67938255
67959126
67960378
67960818
67965664
68006347
68026244
68033445
68062426
68063113
68067630
68068568
68077331
68078601
68095703
68102819
68103588
68109389
68110136
68125153
68129947
68132729
68154792
68157283
68160001
68190097
68216464
68220086
68232469
68249356
68253913
68267026
68278548
68280227
68285599
68303432
68306750
68308162
68308163
68313939
68318314
68321666
68328374
68328579
68330654
68331330
68340816
68348154
68356727
68363921
68373653
68381590
68381841
68387923
68391253
68394630
68396034
68406645
68424749
68435838
68442270
68452869
68460238
68468420
68480363
68495603
68505215
68510395
68515337
68518322
68524194
68525886
68533855
68544020
68556882
68558962
68564229
68583057
68594211
68607768
68609225
68610868
68613402
68614223
68626301
68626806
68640165
68657719
68678693
68683499
68721926
68735205
68737202
68762654
68774066
68826350
68829677
68830204
68843158
68844709
68847409
68857006
68862226
68877401
68882106
68885068
68888779
68892145
68915782
68917690
68922766
68922801
68929593
68949572
68958201
68969748
68975239
68996743
69003639
69011573
69045526
69047783
69048167
69068568
69073561
69079203
69079636
69089707
69092404
69100009
69103738
69104751
69115505
69116185
69129533
69129991
69133511
69142322
69148559
69150183
69155401
69163811
69166806
69179122
69185362
69186191
69188588
69189960
69213898
69213931
69230286
69236211
69236362
69242188
69258905
69266723
69278080
69281137
69283542
69284772
69296162
69310500
69320048
69330463
69340460
69349577
69358345
69364103
69373864
69378901
69385257
69390451
69404793
69405848
69408275
69409161
69410003
69410586
69429334
69432375
69432440
69437357
69453543
69461131
69468477
69470317
69477082
69478093
69482022
69488401
69510526
69525385
69532427
69537947
69544911
69555628
69559183
69559430
69562782
69563109
69590683
69595717
69602247
69610088
69615236
69633070
69646234
69690425
69694002
69698950
69699450
69726542
69760983
69771018
69778743
69780931
69788566
69809554
69809637
69836156
69845953
69848815
69851104
69869936
69878468
69898445
69917575
69927348
69930006
69940922
69972031
69977628
69996828
69999670
70021565
70032501
70038885
70049092
70059157
70071636
70078760
70118642
70130096
70132022
70165019
70171910
70192721
70203392
70204978
70222485
70239134
70247918
70257955
70259454
70272842
70299930
70306441
70319472
70363639
70368037
70381310
70387842
70388902
70460808
70464486
70470736
70473733
70477683
70508644
70520870
70529965
70591188
70597227
70638245
70641751
70667995
70675206
70686124
70697980
70706634
70725460
70734396
70748967
70759676
70792038
70824049
70832756
70845117
70845465
70848012
70851124
70860179
70864000
70865365
70867567
70891836
70895244
70949657
70964907
70972947
70980233
70993403
71004380
71005401
71012558
71026996
71045196
71056740
71068627
71068716
71076806
71079023
71080103
71084926
71086751
71105473
71113164
71201186
71209762
71210760
71237077
71238948
71239753
71251151
71281224
71282907
71285048
71285522
71297475
71302030
71302219
71308315
71319999
71322687
71330782
71335478
71399725
71406371
71406535
71412423
71417349
71434115
71438091
71438712
71439315
71439421
71446863
71450008
71454321
71477065
71489913
71504253
71530363
71532296
71538020
71560268
71561753
71568232
71579052
71580930
71589470
71593750
71596310
71600973
71612381
71620870
71624724
71629596
71631800
71633429
71634593
71640495
71647177
71647852
71671364
71697258
71699972
71701659
71705924
71708725
71711711
71712827
71736173
71740937
71750836
71753217
71764342
71765001
71772073
71782501
71789695
71797116
71813722
71816461
71823731
71841955
71845335
71851445
71863691
71876787
71888163
71896118
71913846
71915059
71944820
71970861
72005524
72021916
72039357
72044362
72053018
72053068
72060773
72071278
72075720
72076009
72083213
72098517
72104931
72105951
72111786
72128278
72139049
72144353
72151146
72159765
72162298
72179542
72179819
72188550
72214988
72226639
72236144
72241599
72253009
72256951
72263119
72266211
72273924
72289743
72305908
72320488
72321393
72323337
72348035
72357455
72380655
72386326
72402878
72420537
72425761
72436891
72465213
72473364
72478078
72493384
72499648
72505583
72505750
72507967
72516202
72533204
72568147
72570048
72572089
72572560
72587171
72591127
72623732
72631728
72632641
72634173
72638482
72640756
72641985
72644566
72656480
72661840
72678934
72683710
72701113
72701566
72710217
72712117
72720462
72721660
72721711
72721733
72735276
72736426
72736506
72737214
72777741
72813024
72824756
72835629
72845188
72859863
72870782
72871257
72893638
72895603
72905818
72907522
72910395
72927447
72938155
72946121
72964548
72970189
72972383
72974172
72981608
72982988
72983491
72996848
73011452
73036155
73044817
73072123
73076573
73080601
73096993
73098349
73106236
73113832
73114046
73136204
73139331
73150922
73153412
73167037
73175059
73192017
73222824
73248199
73262149
73279956
73287739
73290914
73299008
73301246
73332605
73347101
73355687
73362190
73367902
73369618
73391209
73401456
73403395
73416905
73422570
73428587
73464440
73473657
73478312
73485937
73488383
73492896
73502813
73505004
73508151
73512897
73513610
73516058
73536131
73538443
73547974
73548351
73550114
73550745
73563978
73567353
73567433
73586514
73590295
73598377
73609874
73622047
73651355
73670810
73673270
73704828
73740950
73744886
73757681
73759201
73762921
73763066
73827220
73836499
73857813
73862269
73882844
73883408
73901000
73901236
73922145
73923289
73942864
73964003
73997707
73998099
74012082
74014589
74016407
74025094
74040696
74045229
74062001
74065581
74068601
74079540
74085737
74090071
74097185
74108488
74110838
74116973
74127561
74148881
74156699
74164854
74165018
74184995
74202207
74204949
74216526
74242587
74263524
74286085
74295578
74295646
74301866
74315945
74340498
74351931
74368594
74379477
74382693
74394377
74401425
74404698
74405468
74408061
74425137
74444330
74444558
74445983
74468673
74490276
74509802
74556972
74569141
74582241
74584038
74585202
74589169
74595086
74604572
74613802
74617441
74620606
74621421
74622880
74638310
74641782
74645372
74672247
74685518
74686307
74694610
74696464
74702868
74705517
74710547
74728392
74730331
74731753
74735464
74742613
74745461
74748493
74812802
74826927
74837932
74847436
74870079
74881894
74891603
74894618
74899664
74901410
74925784
74947025
74970930
74974867
74980686
74980836
74987605
74987939
74994855
74995715
75007303
75014164
75016548
75029207
75034369
75056405
75068654
75088944
75110931
75128340
75132148
75134883
75174783
75182386
75186849
75187216
75215897
75219977
75232145
75234785
75236924
75240134
75243740
75255918
75263089
75272666
75273074
75280176
75280888
75302459
75308076
75310286
75311893
75335159
75345383
75345620
75345688
75353148
75353588
75358427
75363718
75381475
75382770
75396291
75396473
75408217
75418411
75427167
75427935
75437576
75442379
75461327
75475482
75482494
75490280
75504550
75529370
75542741
75543011
75548981
75550812
75577494
75577719
75581525
75585593
75598391
75601047
75607493
75621337
75624255
75631107
75641596
75658001
75660742
75663984
75675958
75677692
75690544
75692066
75695570
75698851
75717544
75731510
75739256
75744893
75755952
75756608
75759128
75779083
75781621
75782997
75803486
75809021
75826854
75840658
75855265
75857992
75865139
75889750
75894979
75903800
75904273
75911768
75940809
75942623
75991991
76059571
76065293
76070470
76076014
76087128
76089337
76098715
76105388
76108298
76118147
76120701
76121549
76124781
76139908
76152609
76188387
76199557
76199723
76213881
76219462
76219507
76221130
76223019
76225538
76231293
76247465
76251437
76252193
76257213
76259032
76288350
76292214
76295553
76318352
76327163
76331826
76336717
76345955
76357052
76377778
76379192
76401538
76410942
76414042
76415900
76446764
76447482
76463803
76502956
76517895
76524131
76535934
76567935
76570250
76579430
76587229
76593740
76595279
76598764
76603409
76618266
76623762
76627688
76665408
76673660
76681648
76696882
76705627
76724040
76725849
76733261
76758347
76766347
76766348
76773978
76780555
76797297
76799688
76820299
76835494
76840990
76842077
76868246
76878765
76899042
76910456
76911741
76967874
76977266
76979437
76981872
76991463
77001007
77008610
77016072
77017433
77024883
77027285
77035265
77051032
77059032
77069663
77083619
77084576
77095610
77103006
77103666
77108891
77139787
77140681
77149935
77158433
77161597
77164320
77174762
77194811
77209554
77210647
77241476
77273716
77293349
77320055
77334117
77357209
77361465
77369455
77370961
77390307
77423907
77427626
77448588
77471795
77481058
77492570
77498481
77508529
77509539
77519267
77521294
77526543
77538696
77539098
77581810
77603188
77611380
77624285
77634024
77662318
77666660
77670647
77676939
77679770
77683386
77684005
77697387
77700292
77715520
77724550
77733265
77734372
77747004
77772379
77796075
77799751
77804131
77804687
77806831
77813680
77838546
77841333
77859800
77873670
77873934
77880915
77889838
77898159
77905224
77934924
77945646
77957666
77973655
77979485
77998477
78008221
78018791
78033149
78043985
78077000
78098038
78100331
78107882
78109571
78109970
78111817
78111941
78114919
78119657
78122451
78131020
78139434
78142234
78142453
78175209
78213009
78214974
78216084
78225953
78230004
78240678
78258424
78267070
78267934
78275073
78290935
78293337
78297232
78298622
78302283
78305484
78317295
78326148
78342664
78363725
78368371
78383034
78392476
78393509
78395450
78396837
78398222
78407219
78409707
78424390
78446588
78451721
78452463
78462378
78499993
78501915
78527391
78563991
78574353
78582565
78587672
78590396
78591204
78618452
78619296
78623505
78631096
78659603
78660681
78661179
78665536
78666808
78671492
78672716
78676009
78679881
78682605
78684019
78691938
78700327
78703594
78736634
78750942
78773997
78784985
78790456
78795274
78795456
78799489
78827746
78844712
78859108
78859713
78880366
78901400
78906086
78917722
78942815
78949273
78964870
78965237
78984157
78997269
79002160
79017367
79020081
79023180
79024952
79037601
79056829
79068203
79073245
79080056
79111008
79111848
79119625
79129628
79144502
79153280
79154553
79164828
79181193
79187568
79198438
79203838
79212108
79222218
79241714
79255341
79276842
79283455
79298109
79298941
79303865
79331175
79344044
79344307
79353328
79373053
79384391
79386711
79394315
79399422
79406789
79412697
79414212
79426479
79430285
79431027
79440457
79476085
79489688
79496364
79522798
79537225
79541766
79563608
79566058
79570589
79594345
79600712
79605850
79614814
79618281
79625960
79642172
79658281
79659344
79664519
79728711
79733368
79756226
79757701
79773141
79783859
79786729
79790204
79799806
79804035
79805182
79816760
79833201
79837223
79852936
79865576
79867121
79867975
79880471
79885610
79895232
79907978
79912366
79916842
79930003
79931084
79936064
79939496
79942031
79951235
79956839
79970365
79972713
79983657
80014493
80027919
80064620
80075514
80090619
80098442
80115955
80124329
80126168
80133663
80134281
80148921
80151474
80153563
80156296
80159394
80170944
80194100
80197427
80207682
80209858
80213255
80220822
80221495
80224301
80229611
80312047
80313169
80317115
80323286
80328915
80340446
80361481
80365190
80366295
80371913
80376757
80381167
80410179
80427750
80433188
80435106
80442785
80458773
80462246
80471117
80479306
80479970
80485870
80487485
80493669
80498305
80509404
80517663
80533914
80540166
80551478
80553919
80563220
80584598
80587237
80590840
80590938
80602332
80625004
80633983
80636186
80636531
80649492
80662987
80671565
80673881
80695119
80697232
80700473
80708324
80716759
80725108
80747354
80753324
80783516
80790865
80794926
80796582
80812593
80886796
80912838
80923492
80933152
80949167
80950750
80952989
80966674
80972536
80975043
80976486
80987359
81019368
81034826
81041900
81042236
81043986
81048242
81058386
81063273
81069135
81070567
81087914
81091281
81126929
81158575
81165323
81206791
81236697
81241938
81247430
81267144
81271685
81293347
81301675
81305779
81323979
81330346
81351097
81363014
81384019
81391175
81399503
81409064
81413595
81416012
81423589
81431628
81432578
81433232
81448010
81474167
81475213
81486195
81497082
81503580
81506593
81509376
81570283
81582013
81583523
81600978
81607892
81618212
81618516
81639935
81649856
81653414
81654229
81662674
81671562
81675808
81681161
81690110
81713911
81715854
81738704
81741062
81785757
81826142
81855411
81855778
81862585
81887377
81924237
81927423
81934291
81974067
81982266
81986644
81992720
81998966
82007693
82018014
82044956
82050304
82056967
82065370
82076132
82081242
82098349
82102518
82135995
82139965
82140645
82147079
82159011
82187570
82212682
82230891
82253889
82263050
82279385
82280375
82295562
82309711
82324587
82340717
82356898
82372912
82381180
82419647
82424349
82430651
82432253
82438386
82447467
82448792
82450388
82463017
82475534
82479046
82527560
82528813
82559337
82569049
82571597
82577394
82577681
82599627
82605834
82619266
82626796
82640297
82668728
82678595
82684869
82685463
82691868
82696889
82698143
82699413
82703709
82710027
82714476
82718856
82725916
82729065
82749155
82749160
82757678
82786586
82798779
82803049
82806595
82813627
82830397
82856067
82858821
82862579
82866823
82881813
82884678
82892209
82893356
82941123
82941699
82951762
82975932
82977156
82978629
82991699
82996932
83009866
83015486
83041335
83045222
83051542
83055293
83056019
83062926
83080119
83093355
83093719
83098059
83102540
83105171
83108838
83109214
83124133
83126700
83130727
83134732
83144388
83148380
83156370
83157787
83165327
83171288
83178730
83186914
83193752
83199894
83205848
83231235
83244491
83262530
83263608
83271248
83272948
83290761
83310392
83319255
83326891
83331072
83339129
83344781
83356565
83390491
83399873
83416749
83436266
83448093
83468631
83509196
83530035
83536922
83542677
83566850
83599651
83602120
83615921
83621824
83634084
83642410
83667002
83669678
83687940
83690986
83704077
83705279
83707334
83708240
83727749
83728045
83752153
83763403
83768281
83770523
83785199
83813628
83822819
83837903
83838509
83876795
83878589
83880109
83896377
83915323
83918184
83919201
83938473
83939232
83964516
83974794
84025301
84027753
84035772
84053394
84061163
84065508
84067606
84076498
84100365
84105441
84106389
84114453
84116596
84144316
84148078
84187988
84197012
84204492
84212657
84243670
84251425
84255494
84260372
84261799
84262945
84264321
84290260
84297505
84316760
84335869
84353641
84360653
84360907
84362053
84434209
84441157
84444517
84454512
84465108
84473920
84474400
84474819
84476459
84477838
84478305
84495616
84506103
84508006
84509681
84512093
84522562
84528212
84546405
84554715
84561355
84563225
84576260
84590996
84591603
84595388
84612395
84630911
84631424
84631730
84635323
84639661
84641215
84659647
84664635
84665608
84677642
84692954
84693159
84701170
84701477
84708004
84748901
84749865
84753818
84757211
84789525
84797298
84800358
84811434
84811807
84819871
84821391
84822399
84823663
84847493
84853152
84857161
84870715
84874168
84884709
84890750
84893618
84903373
84905112
84915659
84918657
84937375
84950560
84962783
84968852
84971733
84989829
85032274
85048749
85048964
85057131
85057252
85063107
85072549
85073143
85078548
85079321
85082894
85083894
85088210
85091875
85115631
85122548
85122557
85125759
85126153
85127468
85128103
85138402
85152211
85159147
85172809
85178492
85182519
85191473
85209099
85215776
85222034
85234620
85245713
85246989
85252551
85256532
85258557
85258700
85269722
85285987
85291790
85295793
85298503
85305507
85306995
85313279
85314987
85319087
85319448
85319917
85326838
85363497
85377601
85396599
85398514
85398934
85403342
85436365
85437293
85456661
85470847
85473119
85476148
85479738
85506587
85515623
85524874
85530532
85541128
85547825
85557698
85558532
85560398
85563216
85572169
85573554
85580317
85583621
85588490
85601102
85607767
85610341
85618890
85625748
85632817
85640214
85646917
85655009
85670071
85672607
85676908
85678022
85697261
85731012
85752447
85756007
85795286
85837603
85859467
85865639
85869261
85869915
85877127
85877154
85879978
85898398
85912329
85918173
85938100
85943127
85953164
85958883
85959848
85968798
85970466
85973032
85986786
86003880
86019392
86023286
86023337
86035551
86115110
86126301
86142727
86144813
86149926
86159565
86163129
86183008
86189485
86205663
86228000
86236423
86239886
86245135
86247694
86248499
86253775
86266684
86270007
86312717
86330373
86333056
86347762
86364554
86373629
86377310
86386376
86392422
86394125
86398237
86407843
86429131
86481943
86499899
86504318
86509603
86517476
86518773
86524330
86526068
86526474
86545904
86555826
86565984
86572547
86577391
86596240
86599266
86609145
86609703
86641116
86654126
86656830
86668069
86677056
86678628
86678734
86682483
86702011
86714367
86719620
86749730
86753178
86756967
86771027
86787612
86789942
86791332
86807642
86847368
86848623
86902602
86916767
86917920
86926441
86930895
86936243
86943807
86946848
86960622
86964304
86965144
86970204
86998241
86999111
87014818
87033801
87034391
87070930
87083020
87089804
87104782
87128876
87146703
87157783
87173840
87177633
87179822
87181400
87186394
87199829
87206745
87216407
87219155
87236369
87237525
87242286
87265177
87276411
87277443
87297351
87319354
87330164
87332641
87350931
87357209
87364532
87365778
87382944
87386235
87397319
87399969
87401261
87407803
87413276
87438048
87438396
87442669
87447962
87456921
87460726
87474434
87498248
87500690
87502471
87509863
87515267
87519838
87522874
87531037
87539975
87544743
87549482
87569780
87569960
87576176
87581066
87588634
87591433
87599223
87601322
87604146
87608262
87629815
87633158
87647387
87653514
87653757
87663814
87687197
87697238
87707384
87724411
87728830
87738289
87752171
87782564
87785354
87787656
87847195
87854816
87857694
87857787
87862471
87878287
87904616
87905071
87912176
87925274
87931835
87933487
87935485
87938515
87954232
87958456
87968941
88010901
88021435
88021885
88031291
88032721
88041466
88044830
88046550
88052345
88063399
88080011
88080210
88082760
88087969
88096525
88119896
88121792
88133377
88137800
88139344
88148081
88153166
88161646
88182230
88189083
88202706
88210749
88212585
88219266
88221141
88223008
88223273
88225698
88232457
88232818
88246543
88256069
88257606
88272920
88290726
88292598
88336584
88342185
88343423
88347455
88351612
88356387
88382798
88385446
88419752
88420808
88427358
88448427
88458925
88461799
88468884
88472621
88484207
88490461
88495375
88506510
88511125
88511150
88524492
88526539
88534006
88546240
88548336
88560806
88565983
88566842
88592812
88600576
88602655
88631546
88633619
88641119
88647694
88650638
88668317
88669306
88671028
88674207
88674728
88688783
88689306
88717305
88717667
88736459
88740812
88758279
88809710
88812462
88816632
88849875
88850349
88863243
88869945
88874056
88906568
88913230
88917329
88927707
88938279
88943904
88959995
88960315
88965070
88966678
88974282
89016346
89031828
89040565
89050310
89050850
89080716
89081661
89092991
89095274
89099021
89118999
89121115
89124812
89128538
89134689
89135584
89165923
89167791
89168874
89176634
89178598
89181007
89182814
89186416
89200478
89201324
89205226
89221737
89245760
89249633
89255066
89263401
89266520
89269805
89276706
89284095
89304442
89315891
89320319
89323849
89327623
89330036
89350501
89351257
89363943
89368339
89368998
89397575
89412441
89435636
89436786
89450335
89469212
89475596
89480999
89496435
89507056
89510490
89515284
89517806
89541283
89558843
89576919
89583911
89592298
89596719
89604244
89609822
89612981
89616197
89617052
89619535
89634664
89654235
89662059
89662911
89671773
89703794
89707694
89712917
89714237
89721533
89721535
89722052
89760767
89766432
89772447
89773822
89792377
89802882
89806085
89821021
89821601
89834387
89835544
89848483
89856220
89867065
89872705
89875026
89885263
89895956
89896658
89897041
89915243
89921651
89925971
89927276
89938908
89946387
89951780
89965877
89974233
89976946
89982815
89986222
89988179
89991011
89998985
90000425
90023368
90033287
90042231
90044062
90068813
90085444
90103891
90110604
90118631
90121322
90124033
90128899
90130754
90133019
90150929
90152676
90163704
90165144
90180795
90195650
90200039
90217848
90222289
90225316
90229862
90238254
90240655
90254251
90280332
90282926
90287231
90300500
90311151
90318411
90328051
90332541
90336819
90340052
90340264
90378091
90406060
90406804
90418749
90430687
90436947
90460093
90464775
90472034
90497716
90518864
90529540
90545899
90564934
90565534
90602269
90604434
90606466
90611694
90626962
90643326
90653826
90678901
90680410
90705768
90709794
90727054
90737951
90740844
90746717
90752805
90773164
90775466
90793856
90797925
90801617
90853295
90860212
90867216
90874748
90891656
90892147
90910013
90916612
90916979
90926922
90948455
90969410
90975232
90981433
90984709
90990330
91014462
91016313
91051167
91067451
91067537
91096777
91105908
91111929
91113573
91126712
91128505
91134699
91137679
91171791
91178440
91181530
91183029
91190462
91191293
91193143
91196026
91200404
91211785
91222505
91241299
91246304
91254844
91256474
91259308
91265068
91275177
91293065
91296417
91304722
91309036
91357022
91379239
91386969
91413310
91430940
91451466
91455832
91468325
91474720
91488991
91491538
91498567
91503903
91507837
91537359
91542862
91552283
91562882
91585595
91586148
91597249
91598947
91617006
91623091
91624615
91645871
91653794
91661550
91662416
91686306
91692373
91695539
91706367
91712234
91719266
91725987
91732380
91738848
91740687
91742861
91742912
91753306
91757559
91785111
91793428
91806038
91806123
91807141
91826455
91827498
91841443
91841485
91862306
91865110
91866955
91867813
91871372
91872618
91893102
91902988
91910970
91929541
91929551
91938579
91948324
91957123
91982369
91991120
92028045
92029957
92033322
92033348
92040722
92044269
92048075
92048592
92049073
92063250
92065123
92067928
92080673
92088395
92099043
92112476
92123805
92129475
92136092
92143051
92147369
92167011
92200551
92200585
92202850
92205725
92208203
92219171
92228358
92228425
92237829
92241717
92242716
92248428
92260249
92277650
92303221
92318096
92328719
92348811
92378178
92386036
92386911
92389959
92402687
92413463
92424790
92428981
92434999
92458196
92459042
92459777
92464185
92495675
92510399
92532802
92541063
92547423
92558111
92572477
92611597
92613902
92624711
92630637
92632480
92632585
92647959
92652224
92653491
92668948
92683610
92686581
92700269
92717725
92731828
92732320
92733222
92747254
92752634
92761039
92767901
92787742
92790301
92809759
92818265
92820729
92820735
92824982
92857456
92867838
92870644
92873854
92901516
92902465
92906764
92910692
92913343
92924927
92925245
92933573
92936192
92947157
92960378
92964094
92967219
92977444
92987982
93009778
93012560
93017384
93044367
93054652
93057564
93066334
93075525
93079293
93098777
93099635
93118281
93131110
93134192
93136691
93138896
93145116
93162899
93166508
93176522
93191976
93200143
93201958
93213445
93216148
93224301
93229562
93238990
93255019
93255694
93262078
93269816
93281214
93283063
93285593
93289084
93305164
93320562
93340678
93341066
93344396
93362758
93368301
93393251
93420110
93427040
93445947
93452641
93458208
93471043
93479064
93481616
93486018
93526574
93537058
93538722
93541740
93548341
93571792
93587992
93601841
93607198
93607866
93617218
93632396
93641220
93662863
93674763
93685890
93689592
93692043
93706780
93708909
93709335
93712667
93714713
93766864
93786079
93790497
93791026
93807119
93810156
93824387
93850604
93852951
93855457
93870541
93871929
93879239
93886042
93895234
93932370
93933779
93939015
93942656
93963456
93968496
93973481
93990185
94028013
94035139
94037274
94055177
94071774
94083430
94084630
94095237
94096945
94115132
94115796
94132593
94141717
94152176
94158315
94171561
94198677
94199080
94203742
94220825
94248725
94276340
94294719
94301022
94312693
94335504
94358405
94387862
94393325
94412667
94412747
94428505
94430105
94459325
94461832
94468524
94477790
94506639
94510830
94532161
94536256
94544392
94545642
94554756
94577083
94581333
94610382
94613823
94618394
94623631
94636279
94640073
94642249
94651159
94673112
94680397
94706105
94715316
94720542
94725219
94730811
94733351
94739138
94746063
94767775
94773900
94780304
94781895
94783032
94799978
94801744
94804669
94827603
94841837
94846362
94852607
94874621
94890095
94897453
94907089
94914553
94931568
94935272
94944833
94950372
94958077
94969299
94989895
94991315
95004291
95020231
95027424
95029347
95030745
95039486
95079973
95080753
95089631
95111962
95115148
95120697
95120979
95139360
95140131
95149363
95155269
95157730
95161874
95162181
95177012
95187786
95188576
95189173
95212933
95215265
95270728
95291251
95295033
95298322
95298880
95300792
95304733
95306501
95310163
95319283
95322951
95328376
95332606
95360201
95374469
95382610
95386223
95426700
95462124
95490284
95513164
95517457
95531939
95558760
95575679
95609047
95631851
95637199
95642687
95642868
95643300
95684643
95687118
95697374
95702821
95703969
95704066
95707524
95717457
95720264
95724504
95741785
95742461
95748043
95748458
95770310
95787100
95796171
95805960
95809668
95820302
95837259
95842289
95876362
95878799
95892438
95908811
95911251
95916465
95922869
95937565
95939793
95942323
95946653
95946988
95961418
95976789
95980718
96023451
96023892
96029559
96067103
96087773
96096292
96101812
96122155
96126628
96133529
96139313
96174887
96177500
96196941
96202848
96203601
96207202
96207492
96208847
96238780
96240220
96243740
96248147
96258033
96283956
96288852
96299966
96301416
96301459
96307011
96329341
96339709
96356094
96358110
96362598
96378013
96405389
96420477
96421306
96424685
96430770
96440791
96486115
96501566
96522448
96530088
96585269
96586150
96594491
96594965
96606361
96609596
96629182
96637898
96676848
96708118
96730668
96734233
96744047
96762132
96765701
96771506
96771873
96772710
96785468
96795595
96803233
96816553
96828841
96831451
96836904
96838106
96839930
96866136
96884507
96894052
96894446
96911834
96930778
96933134
96933249
96936960
96941905
96946979
96950318
96987440
96989476
96995132
97033382
97058166
97059041
97070485
97086078
97093600
97110428
97112216
97142005
97147739
97155260
97159071
97161304
97172064
97178675
97184424
97201386
97202546
97204792
97209236
97213657
97234746
97236103
97236472
97251921
97259979
97262033
97303733
97309636
97316012
97330967
97362672
97363877
97401481
97409928
97415836
97425099
97471991
97485045
97497389
97500889
97508972
97518531
97530757
97531522
97541545
97553733
97568350
97580018
97588274
97596724
97605836
97617540
97626990
97629486
97635922
97650810
97651580
97656529
97658052
97659715
97661346
97666555
97668327
97669544
97682009
97690420
97695646
97735873
97737487
97785234
97786692
97787453
97798173
97800715
97864686
97883588
97907848
97907947
97914117
97925384
97935230
97953842
97965181
97965955
97967721
97971210
97981002
98018099
98028397
98045586
98051071
98052443
98053939
98062211
98080979
98112823
98120229
98133391
98135759
98156568
98168027
98168090
98170801
98180860
98181924
98188410
98193066
98213906
98236600
98242281
98244672
98252596
98263118
98264780
98294951
98297294
98299699
98303994
98305334
98307768
98334106
98341056
98342653
98352882
98354552
98354610
98373835
98394642
98396646
98403473
98404515
98412771
98413925
98419681
98421167
98432829
98438916
98450064
98476691
98484438
98490278
98496179
98499939
98501446
98507462
98517313
98521172
98522378
98535203
98535875
98538886
98545276
98558746
98560165
98564715
98572971
98587426
98596634
98600053
98617665
98621182
98624425
98631098
98632859
98637425
98646679
98651456
98652324
98666656
98684417
98686760
98705210
98718138
98720881
98729187
98733881
98743318
98760505
98761283
98773456
98773818
98777018
98786416
98805087
98807114
98831820
98839148
98867754
98896509
98896846
98897056
98902085
98922721
98924986
98931464
98947857
98954290
98956730
98981764
98991645
98997947
99002080
99017457
99022852
99023070
99025745
99032007
99045955
99049426
99055922
99063114
99101822
99110024
99113655
99114909
99122715
99124592
99124704
99137904
99146621
99148463
99151357
99158413
99159581
99162017
99166891
99168378
99168917
99183601
99193205
99197071
99209407
99270526
99282926
99296685
99297841
99305344
99320773
99331584
99331962
99339406
99341067
99345302
99349072
99353678
99393373
99399726
99400873
99451664
99489437
99499474
99509824
99515356
99541786
99549255
99555018
99562573
99564682
99575362
99592929
99594239
99598399
99598515
99608781
99615824
99619974
99621308
99637641
99648108
99650066
99662500
99671017
99678736
99685929
99692454
99693601
99710850
99722087
99751328
99777247
99781593
99782790
99793568
99802439
99807422
99815267
99815938
99820408
99821227
99831610
99839452
99859961
99868327
99888756
99889973
99891969
99898908
99916316
99926699
99931194
99947074
99947915
99977396
99990176
99991077
