87962 91318
110893 111034
101722 102285
101722 102479
105282 105283
33531 35274
15572 15681
32211 32303
117684 127551
29798 31308
121016 127825
112599 117684
10312 10460
33131 35812
1774 5452
19020 20044
106405 108909
36775 37050
81825 86796
65643 70547
17959 18011
24415 24486
33721 34398
7982 11906
110878 111001
63349 63691
2449 5471
87338 88394
35647 35648
109350 109411
107090 122738
4343 4345
122738 122930
109026 124798
108843 108845
36261 39690
45885 45887
122778 127563
49576 67350
111347 122658
29731 31544
117549 117667
5900 5910
21259 25372
74642 80429
30323 30756
36260 38126
115053 115058
112597 112997
951 2248
38447 42679
18835 19018
32604 35307
16805 19680
21955 22050
93153 95450
39098 42671
57202 59826
86876 99344
117684 125731
40039 45577
121897 121898
66043 66262
35254 35815
122818 123108
32879 34503
102305 103431
101664 101676
36261 44831
9773 11262
74177 79342
87338 100993
56616 62759
34416 34469
9912 10008
32178 35343
106876 117684
60090 60098
105563 105564
45825 47100
123713 125743
23183 28039
9153 9349
10159 14223
89972 97341
101734 102584
21040 26635
86876 98565
123598 125412
20791 27417
127121 128350
127561 127627
18222 19854
72055 73708
24937 26910
122698 123585
32482 35097
6731 7481
20684 20822
124150 124414
43363 86876
63335 63756
57425 60098
101559 101685
10456 10458
112995 113000
111928 122658
64206 66101
72412 72625
31941 36108
36512 45608
49957 49993
122698 126231
8159 12819
36512 42697
36261 45564
1394 6207
54212 57332
121439 122658
40590 40596
11039 11667
73871 76796
111311 111485
7306 7396
81904 85078
63335 64066
116187 116188
122568 126224
10203 11892
14977 14990
34898 34899
113983 114116
101717 103714
65161 70553
1925 2704
24224 24254
391 904
91924 100896
88023 91891
110885 125478
83297 86414
57411 58110
120660 122778
110365 110367
28486 28497
72370 72612
527 2087
14307 17276
115527 117684
41436 45545
58786 61047
49576 65279
55081 56589
123746 124326
3911 3915
53431 53585
90150 97716
109645 109677
70609 70654
483 2857
80782 87338
2154 2258
22891 26226
92018 100913
122818 127870
24228 24337
101773 103404
103158 103918
36924 36926
65045 66364
122778 127830
10538 10640
102725 103778
28685 28688
106393 107886
127587 129549
88859 94816
49753 50091
94111 94174
101625 101630
65818 70570
36261 45702
65291 70548
65259 70558
109130 112727
65431 70547
111359 125225
3016 3128
18201 18221
89814 97005
8653 13489
90749 99017
21610 23686
89275 99963
23535 23631
3708 3710
17830 18021
91632 100314
86876 100686
21047 21055
24501 24568
41663 43268
10539 10590
34429 35422
36261 36774
79094 87338
109054 113086
122818 123944
63970 64021
493 956
45825 47175
87338 93931
17765 17766
35460 35803
65713 66267
87338 87739
10128 13093
75106 81498
29742 31756
86907 87158
58573 60986
23146 26098
23219 26799
18864 19013
1630 4049
117684 122165
493 28782
65220 70548
18664 18774
118236 127109
56716 59521
79753 86876
24333 27612
88023 94241
30606 31800
3827 3828
111278 122698
122698 129869
38447 40234
24055 24100
986 2079
115186 122658
62017 62018
91476 100360
3276 3590
66124 70557
114942 114943
122608 122628
18732 20444
10871 10918
1963 2876
77743 79960
34196 34212
45483 45486
9432 9534
114684 114690
91924 99635
494 1030
16473 16596
29260 29313
45331 45545
22865 27319
66174 70596
36992 42184
10182 11714
76819 79049
33026 35810
38931 42216
80508 86876
23389 25644
122568 122844
108997 111287
8529 8565
103318 103532
95642 95706
36894 44409
32052 34142
104085 104662
121094 122568
302 6157
106476 107698
8157 13602
118287 119475
90982 100582
40978 45931
36260 45955
45825 48016
2577 3080
551 623
120414 127472
31941 33973
40394 46137
8575 8576
109608 122818
128773 129371
29520 29692
56415 62676
87338 91844
117945 122698
129351 129454
9133 11771
28966 29208
57411 60045
107217 117684
38234 45122
7465 8678
63470 106140
22734 25352
101734 102125
71307 71380
113057 124159
2370 3100
25203 26616
40493 44907
32373 35352
56672 58165
106412 107874
122698 123749
113940 114094
3726 3732
29810 30323
122738 122828
40879 40889
22104 25400
74226 77707
128617 129220
32583 32590
56348 60994
65 793
54830 59521
66115 70548
558 6038
29741 31658
18202 18239
97911 97933
91517 98212
105487 105929
119002 122568
16975 17027
79049 80682
33908 36095
52154 53585
958 1280
36260 43544
6630 6631
7952 13309
129368 129369
5388 5414
122580 122649
10411 11560
109666 109777
472 2128
71906 72060
88046 100107
49576 66203
79641 79642
10784 11324
36261 36734
106356 108912
7069 11182
65742 70570
111685 123918
41282 43780
78240 86876
121081 127430
54303 55146
32255 32305
209 5471
76283 76815
78888 81543
104086 104134
114970 114972
107063 122658
691 1383
1381 1737
33470 35503
17770 20220
60958 61300
101734 102397
49989 50010
37803 43830
5937 5950
118708 122818
109482 111279
14335 16833
25093 25145
64206 67537
117438 122698
58137 60053
39242 42910
7852 8004
126936 128597
87338 88432
88110 92719
105 205
101734 102546
78888 81898
82880 85446
122941 124377
33328 34734
36261 37733
1527 1883
91632 92924
15759 15789
50530 50622
70635 70753
816 6140
20781 27878
109537 109559
114272 114281
124760 125329
93151 94252
4466 4468
23855 28033
92195 101135
101673 101679
109068 111809
29335 29355
77025 86876
55063 55777
98446 98456
494 4110
41702 42547
118992 126663
18244 18286
2560 5458
67775 70410
69128 70583
34585 34700
1371 5530
120915 126787
69225 70484
17240 17284
70834 70896
29759 30884
104832 105959
103920 103986
87338 91084
120726 126902
101887 103873
24786 26337
91525 91528
49576 70394
87438 87453
84616 84689
31975 33116
7996 12391
34467 34487
75156 76789
45825 48523
33890 35307
126677 126702
16495 16603
30056 31637
9434 9467
121282 122818
113971 114840
97911 97980
65529 70589
30681 31811
30337 31811
10915 12397
67105 70596
36260 44268
80532 85725
109113 122568
123635 124587
7269 11470
24786 26985
41585 45545
7634 11627
87727 100566
40295 45577
79049 82030
34406 34734
71447 71484
127641 127742
117453 128852
5398 5426
38619 39491
104756 105929
10889 10918
86892 87006
77499 78195
34660 35343
9314 106042
19162 19253
14307 18258
106455 107580
58059 61837
36892 42880
32047 35352
18031 18067
54449 57478
73871 81105
1301 3111
29740 31076
33014 33337
493 3505
23992 25907
121576 121598
78888 78904
1293 1672
43281 43348
77683 79254
93153 94478
6807 6877
15444 15447
10348 12439
41662 48266
54753 56250
6851 11190
29740 30559
9990 11591
78910 85505
122738 128304
41196 42753
109431 111313
74285 85792
108498 108511
63422 64006
4731 5471
505 1938
114663 122698
40565 44840
20916 20922
91043 93144
14992 15056
34401 35591
41171 46340
9017 9116
35360 36097
18542 18547
4106 4107
3287 3292
118398 122818
23309 23434
74374 79884
23628 23653
9229 9313
37465 40413
24474 27056
3991 5471
73791 76997
20752 20821
3125 5534
37207 37593
2702 3123
35343 35812
87338 96793
79129 86876
6505 86876
77900 81297
2484 3082
121516 121578
42345 46624
5928 6176
3051 4048
113981 115116
106288 106958
109024 122934
102305 103520
102264 103275
9557 11272
110490 126091
42186 43052
112991 113002
22631 22717
55042 60026
110372 110376
78228 82519
74087 86876
24315 24321
55760 55777
78888 81357
41240 43355
36260 47757
43451 46086
21517 26817
31974 33666
31551 31719
2599 3074
42856 45577
32498 33337
35503 36222
54379 54381
113140 122698
115023 115044
101722 102996
5871 6010
4986 5009
24939 26912
87338 90683
88023 92230
18537 18551
30983 31813
1106 5524
109165 113202
471 846
6807 6830
122780 122802
66082 70581
8623 8666
118990 122738
117684 128518
64206 67175
119210 126715
14645 14717
2767 3117
8995 11790
8754 8765
117380 117684
108776 122778
113507 122818
23564 23689
79050 84350
110547 117684
102724 103789
121576 121663
32267 35815
37244 37254
79575 79576
28465 29428
120916 129294
82956 86408
34626 34714
75042 86413
33202 35340
117684 117999
38619 39789
91588 92414
127120 127296
60385 60395
36260 46166
30326 30858
123361 125642
115567 115686
39281 43714
9435 9460
126 206
122778 126381
29759 30490
35808 36121
65630 69699
77213 78888
122530 122778
4834 4835
25160 25317
87338 93175
32626 35117
110352 110898
108051 122778
9264 11990
23328 27801
10537 10592
113601 122568
114540 117684
78888 79786
65608 70555
18695 18706
117003 122818
120887 126775
87338 92683
74328 79760
63672 106140
22537 22538
39407 86876
63350 63552
101722 101956
32116 35117
22898 22900
9697 9705
7974 12212
113438 113857
104028 104063
79049 82796
9010 11962
38447 44825
103012 103689
36261 43672
8423 11895
34479 35115
5002 5471
113214 113641
110858 110940
110835 110887
6663 6669
41732 41740
78207 78509
91817 101022
34666 34680
101882 103773
105963 105966
31186 31940
21727 21806
8802 8890
117482 117597
7183 7477
9764 11410
29863 30322
32897 35274
42515 42517
75901 83192
8336 12770
34572 35115
39205 39223
111394 122658
34818 36256
49716 50011
34801 35812
80941 81030
37242 37279
110316 110332
36513 40230
29138 29166
126807 127833
112965 122698
114769 122818
88044 92951
109160 123204
91932 94758
5879 5912
10842 12324
65954 70562
32757 34401
30324 30389
37282 40403
106326 107376
9226 9360
49123 49532
9657 9723
7453 7871
66266 69136
493 4928
78228 82143
109183 112360
114832 122568
24041 28331
21774 21775
105875 106039
18107 18236
24033 24099
17479 17561
36686 45545
5314 5315
24990 28376
78228 83550
38447 44368
29759 31129
88013 100443
28563 29441
2329 3105
34460 34768
99297 99330
117682 126808
54548 54691
78228 79083
9799 13035
32399 35812
65705 67287
71251 71418
44044 45545
86876 100785
17027 17028
16210 16211
75851 83113
34462 34503
7427 7654
7723 7762
28600 71892
41313 45841
122698 123918
65705 67810
35097 36044
35003 35823
102303 102438
71421 71463
9866 9868
23126 27040
16791 20002
101717 101853
31974 33171
29731 29971
73871 84404
5134 5135
71843 71844
2536 3070
24967 27725
108718 122778
54820 55686
63900 64094
76764 81608
86876 88164
77887 78888
110867 122698
9948 13924
1396 2790
69665 70583
2258 5988
110863 110868
1327 1430
90451 98368
43425 43427
25102 25573
66243 70547
36261 47564
2345 6040
43636 43700
22631 22754
9679 11168
4638 5451
35213 36112
14457 14458
67536 70511
31983 35352
89304 92047
126912 127047
40914 44769
49576 68896
101722 102338
50 3201
39242 42948
616 5478
20792 20794
66178 70589
81401 87338
64206 69155
101722 102002
43075 43097
54130 57202
88023 99256
8872 8873
41913 44726
37726 37855
87502 87894
11125 12695
32966 33854
1774 1817
87338 97775
3245 3250
33649 35815
79683 86617
23826 23917
75598 77310
40849 46501
122658 123195
40062 40449
92437 92856
63903 63917
36354 40640
10113 12764
65162 66267
9228 13858
74347 79809
114543 114553
43861 43903
45676 47643
93364 97065
49576 67618
110356 124812
106360 107704
1872 1874
78303 85940
35321 36116
123192 125346
73836 87338
75597 78020
32367 35097
29871 31813
125075 126365
57254 61059
67107 70599
94632 94670
45825 47993
66017 70572
9083 9134
120540 129322
87454 87462
106482 122698
51431 51896
38619 39200
36261 39393
38619 39100
103501 103590
65773 66338
84424 87338
61463 61479
120497 127835
83103 86876
2631 3072
54699 61763
35823 36056
38447 46703
4179 4198
65509 70579
22529 22562
35843 36086
34714 35411
15599 15636
79452 85345
56208 56235
9431 9460
49576 67479
88023 95173
21579 23174
121131 122778
126974 127559
32860 35803
120432 122658
25150 27054
101623 101640
96101 100932
72018 73533
123580 124967
8606 8608
3665 5471
122658 129702
9747 12826
78888 84492
22999 26177
40198 42226
22032 22091
23252 23345
126777 129607
110403 112190
35117 35360
29131 29358
71742 71758
103273 103918
87338 100793
125067 126359
45545 48662
22641 22787
65311 70562
23320 26360
29740 31882
49647 50022
82662 86876
106231 122738
121575 121584
91229 95288
62944 62984
41844 42933
70893 70944
30581 31800
39214 45577
106422 108806
65841 68682
102304 103053
42340 47613
48352 86876
101867 101982
23311 27627
109438 109447
106439 106622
61199 61906
122658 128114
120460 127717
292 2622
63489 106140
29798 30536
41617 44726
44893 44895
115459 122738
906 1299
4369 6038
8546 12106
78888 82887
71 6022
34654 34862
125505 125615
2128 2130
19048 19250
43518 43539
1725 6211
73962 85369
75562 82437
73548 85251
40405 48048
30768 31637
7958 7986
6918 11885
34444 34474
36774 37890
24538 24539
122698 123366
35097 36149
110242 122738
17003 20086
23178 26758
101716 101832
40034 40397
124723 126319
121314 126873
115884 121150
106333 108439
32622 35309
49576 69166
36959 38447
33979 36097
62326 62369
3668 4039
1878 2654
102303 102424
23862 26941
5469 6231
31974 32537
7391 7396
122568 122820
95487 95488
115875 122818
102302 103524
122738 128494
19234 19271
41991 45545
31621 31895
103832 103918
36260 37479
78207 82797
110168 122778
10397 10398
39156 44209
387 515
497 3938
54303 59138
127077 129728
104087 104157
129304 129857
16546 16557
36526 40661
109154 110529
24733 26598
10158 12809
38664 45362
99259 99285
108886 122658
38708 45577
48716 48718
612 781
114351 114353
86876 100575
24074 26951
23980 27642
118000 122778
34424 35823
61878 61899
30336 30400
4861 4875
497 1977
90159 91445
75522 82422
94554 100056
65709 70547
10312 10449
110957 122698
46 3311
5364 6197
116089 117083
72277 72370
103062 103789
64206 68534
41523 41524
34828 34963
116023 116910
44359 47170
88084 91024
31974 35503
31974 32053
17079 20386
43841 43844
32056 35130
122568 128976
20943 27814
22185 22191
32281 35343
24065 24118
36774 37530
2557 3079
109496 112601
24085 25843
24985 24989
127819 129829
126909 129973
2341 3095
38993 40454
22536 22537
124055 124110
31997 35340
102094 103585
88023 97433
78882 86571
59755 60843
35990 36086
23461 26658
9327 11896
105849 106039
91273 92014
39716 40727
1192 6042
34676 34699
32025 35812
45577 47605
57584 60240
122568 128311
23790 23868
102143 102302
19164 19243
19022 19023
53935 54092
66266 69706
33549 35803
96556 96576
79049 79817
110754 126236
35810 35970
102373 103789
74123 79130
16986 20069
38447 42216
1317 1421
34339 35097
120744 127612
119225 120240
68359 70511
101842 102275
109057 111798
7320 7408
288 537
20832 27458
49039 49200
93520 93523
108985 119075
10841 10918
117684 123140
25237 25240
29324 72171
17553 19347
38447 39929
107792 117684
8304 8316
86876 94413
57461 57569
109515 111338
72674 72703
63337 63690
20910 20980
114200 122818
101861 101913
87152 87338
43897 86876
50030 50091
36261 36941
122658 128564
31200 31742
31975 33496
34 482
15269 15316
101581 101612
117477 117691
34242 34503
29798 30919
36774 38097
75573 82514
37946 40396
595 3113
96178 96204
59501 59502
42636 42638
89516 96329
21461 21519
93153 95136
49576 66742
68620 70597
108717 122738
1456 5528
86876 100324
34473 35083
18808 19023
78846 86876
68021 70511
70883 70933
84774 85766
472 3073
102305 103265
4018 6197
114721 122778
72276 72410
93364 94057
36512 44780
110219 124113
122730 122754
65321 66317
64206 67349
106369 107069
2897 6162
64206 68755
95388 99541
78208 81348
36512 36846
28946 29156
45545 48017
9091 9095
104721 105959
86876 95901
117684 120380
29996 31813
28940 29485
21729 21844
122658 129919
78556 87338
90721 100637
21987 27658
37242 38258
2447 3088
9725 13746
101705 102205
47647 47649
6659 14070
121255 129307
33398 35274
7628 7743
123986 124632
38447 45356
93011 93104
14381 14387
40707 45545
45545 45862
110350 110404
46571 86876
87338 93398
90548 90975
92099 96543
45173 86876
9864 9941
112167 112360
6325 6500
14421 14429
125877 126132
102305 103477
65546 68651
110206 122778
76254 86876
120890 127212
65255 70546
8581 8583
115005 115019
101715 103635
76522 84538
75073 77919
70713 70893
122634 122635
43827 45239
6362 6510
7314 13419
24722 24731
33456 35446
44556 47011
18286 18293
49095 49097
6918 11571
34611 34684
75985 83375
87338 95273
86 3576
18732 18733
106319 106760
24783 26020
489 3109
36261 45525
22639 22640
833 1315
10875 10879
118919 126664
10581 12289
65294 70572
114832 122658
109546 109549
101717 102114
41141 48650
21483 21496
109648 113451
43662 43704
38447 39527
84809 86876
104289 105132
55095 62794
110439 113525
42126 86876
40852 44209
24946 25023
127036 129793
8754 8777
35333 35336
2229 2247
101716 102586
36261 46462
32492 35823
107248 122778
9431 9477
11043 11146
112656 122568
6701 11580
70459 70584
40508 48519
34439 35316
32516 32575
124139 125745
109526 121835
10451 10454
9687 14022
122517 126393
122658 126323
7626 7769
43741 43744
39806 44259
112633 122658
116072 116100
287 519
122568 128303
76095 83622
77442 86876
61104 61847
260 289
8088 8233
103774 103789
36261 45150
58422 58550
34407 34963
126857 128940
79049 82396
65345 70581
115951 117248
630 1480
36260 39285
123905 124727
2519 3592
30326 31186
32068 35274
40515 47321
24998 25022
47530 47532
41461 46598
23969 23972
65891 70582
38605 41047
70846 70872
78888 83905
106289 107140
22219 27507
115843 122698
98446 98499
3808 3813
125195 125828
64206 68554
37817 45577
24512 26937
40421 44778
66204 66266
104085 104575
112272 125674
402 483
3636 3645
113613 122658
1438 5528
101526 101686
96635 96667
86899 86902
115872 115873
45825 46420
6337 6446
109522 122658
4806 5471
4059 4062
21236 21272
36261 39793
107678 122698
7924 12967
84538 86268
108985 117906
84989 85013
4035 5752
71412 71449
34822 35812
86876 91139
86884 86888
106446 108286
49878 50022
102684 103700
24425 27635
23811 27989
79049 81291
92437 99338
38447 42839
3267 5471
4977 4997
15891 15893
24556 24570
122818 128548
35474 35503
116207 122698
110856 110876
37562 37721
49579 49584
16400 16529
9809 12240
23684 26812
16109 16115
115702 122568
24217 24224
111506 122658
109452 112586
54137 61015
88023 92026
10624 10627
106263 107771
93364 97490
9068 11863
6808 6885
122932 123411
36261 36603
64206 66349
30273 31776
111734 111745
4009 4010
105538 105763
22308 27910
121050 127951
29263 29355
78208 82459
70 6219
34381 36086
120938 122738
1780 1959
39574 43972
34435 35309
36512 48333
55010 57332
31584 31895
43730 44615
32725 36095
93362 94230
117687 122698
106444 108066
49101 49546
104086 105289
106362 107880
71 1222
93146 99457
1282 1399
38919 38922
16743 19618
10539 10663
5600 6046
33285 34724
59622 59754
122778 125000
21281 25394
9497 9509
36261 37434
104088 105289
33829 35117
5084 5086
81518 87338
1315 1637
23994 24111
127295 127296
31950 34508
29747 30786
123 183
525 2786
127761 129242
101721 103676
5770 6011
127574 127672
1398 1582
496 1860
14307 19243
115944 115959
127921 129594
31941 33597
29747 29819
17752 48756
78888 83205
50529 50796
86876 87026
102304 102352
493 5927
68254 70597
101627 101641
73601 85790
23875 25992
10886 10887
67371 70511
36612 41196
78158 78165
106074 106090
33512 35753
7169 7170
33225 33386
127317 128726
84272 84306
29741 30214
122568 122636
61353 61355
70601 71575
34256 34503
73871 83511
22075 22086
91002 91778
123117 126218
550 616
5923 6032
547 4037
34190 34196
23842 25331
97988 98017
117300 117301
43201 47726
66303 70439
612 777
58811 59960
45079 45105
20724 27664
34503 35925
7156 7158
22044 26753
65307 70564
97989 100797
5645 6050
65798 69170
35298 49230
93151 95045
109015 111756
42547 43403
16566 20577
40745 45310
8755 11933
2389 3087
117684 126394
21262 26965
30326 31079
2994 3109
71389 71411
120907 122778
126367 126625
24024 27686
9433 9442
67 601
36512 46594
116854 116858
24991 25022
90281 97999
117474 122778
16747 16748
122738 128908
9099 12679
5849 5855
36512 37233
67893 70599
2659 3117
94066 100729
6624 14035
121125 122658
29084 29208
38080 45577
28961 29535
122760 127294
36512 44647
118722 127518
95120 95126
42111 46678
71262 71470
117522 117639
37695 45577
73829 84272
703 1386
63335 63683
23188 26768
113870 113884
32777 34401
93012 101157
17318 20584
101734 103544
44499 44899
102305 103176
57202 58008
78208 82301
106261 106279
52 629
10344 14025
29731 31885
127823 129867
9945 13764
21773 26080
56526 57299
31941 32185
1384 2289
107941 122818
10837 12476
18637 18724
127486 127518
74545 77033
78207 79339
96382 96384
45545 46085
51659 52532
34330 35812
33382 33394
38447 39352
23450 23454
110805 110806
98807 99870
65626 69378
112562 112590
86876 90693
24752 26951
121039 127474
36260 46146
25002 25699
37242 38207
519 540
2857 5471
398 1490
66492 70596
40408 42632
44089 44091
493 29344
2079 2405
31975 35716
34724 35422
110347 111771
86876 98773
102917 103873
40782 43430
4033 6172
45577 47895
1041 1955
34401 35944
115899 116447
43660 45577
2976 3113
47746 86876
45577 47640
34549 34678
43468 43507
36512 48694
18454 19622
120952 127418
3104 5471
108991 109001
1301 1471
78228 84779
78087 78102
93364 96996
86876 95930
10197 12043
36512 48037
87338 93003
21364 21454
29731 30522
118265 126715
121860 122256
41485 43780
114062 114067
88023 91256
50463 50752
191 211
66532 70583
65408 66315
43454 43479
117931 127624
24517 26137
40006 44899
14603 14669
34462 35792
29731 31766
8791 8890
99102 99152
116834 116843
115296 122658
125449 126360
83847 83911
33116 33334
17506 20420
77013 79990
40406 40409
532 1677
127197 127383
127016 129560
36260 37966
33151 35115
80416 86876
113997 113998
102303 102377
35046 35823
34618 34693
115460 122778
34426 34484
21255 21258
22873 27798
97833 97893
76150 83726
56686 60098
34544 34650
2524 6217
640 5990
101798 101828
17830 18066
109017 122951
36512 44431
29741 30899
121210 126796
106075 106117
118328 126668
42986 42988
20685 20770
7068 13870
56282 59521
87563 89954
34419 35325
23319 27478
4480 5458
81365 86876
14596 14614
81130 86674
102303 103472
40216 40410
121180 122818
18026 20460
113234 113360
1782 1994
71290 71295
111318 111321
76845 77525
112701 125030
113530 122658
115953 115962
696 3113
6939 6956
69548 70394
162 1398
58143 62823
75359 82084
117684 124301
36261 37878
110331 110381
24735 28190
2605 6198
39294 45577
99102 99827
105731 105958
58147 61225
20726 20838
1012 6162
79161 85883
49576 68189
38576 41001
861 1345
121927 122314
35240 36086
93775 93821
10718 10851
41571 45226
30354 31800
1393 1581
116442 129352
42801 44556
75358 87338
109489 109499
101587 101620
1433 4043
113015 113021
33759 35355
34142 34995
58814 58904
10452 10459
1475 2984
87338 99251
90118 93364
34629 34634
3727 3730
109975 113213
31148 31940
109936 112322
10086 10226
72276 72625
1395 1438
54273 54279
72276 72508
71828 71864
71389 71454
77845 80883
125321 126347
7311 12297
22517 25675
45825 48557
106951 109943
33392 33398
111286 111295
10559 14014
78888 84335
39262 41988
120329 122738
127811 129735
45825 47882
113065 124167
48446 48449
86900 86902
86876 87585
66213 70570
64206 67388
92631 93364
118150 122698
106629 122778
22246 22250
64163 106140
91044 101133
651 1294
93362 98179
45825 47454
33933 34148
10989 11078
70287 70599
29100 29327
65082 70568
54833 54878
38447 40585
63903 64117
112332 122568
30343 31720
975 1313
10316 10393
41033 45545
87338 92802
97054 97080
31975 33225
105227 105228
34405 35083
101722 102012
22291 22317
21020 21065
124975 126020
40585 47145
88602 94300
34653 34771
64206 69311
28646 28650
47689 47691
65379 70589
3612 3618
122818 124134
1343 1441
122302 122303
33025 33332
3540 3590
22287 28360
43052 44472
39580 39582
32856 35274
71403 71464
46278 47243
120966 127466
125468 125870
65745 68874
113941 115534
49305 49531
67261 70596
29747 31036
105499 105502
40148 44015
70107 70403
1314 1769
117962 127515
22094 22097
119035 127109
92518 99440
102982 103918
45545 48478
16605 16776
87222 87338
39203 42875
102936 103789
69841 70599
70738 70739
22218 27506
14331 14336
65733 70564
36260 46055
24966 25506
24940 25021
36261 48059
3525 6200
109040 126405
40827 40839
85044 87338
2517 5471
1137 1358
23860 23866
122818 125620
121010 122658
15562 15569
38447 48339
106465 108934
9297 9354
73871 81424
64206 68349
66250 70560
127629 128091
86876 89245
44144 46221
9210 11465
72280 72405
38803 45545
59202 59211
22406 22422
5690 6045
2722 3126
115048 115878
2210 2218
23084 23197
59594 59753
39007 86876
67406 70599
35110 35482
86876 97293
51 6003
110455 113117
17342 19936
757 6159
102304 102328
122568 126344
17522 20212
31062 31813
29740 29809
14935 14940
508 2462
38057 45545
39402 45577
67621 70583
24786 27770
36512 39497
33368 33405
65964 70580
65604 70546
2937 3113
77649 85901
127705 129796
29747 30309
1389 1419
33591 33799
21002 26597
22181 22197
23103 23231
79049 83800
68833 70597
8455 13674
7487 8544
33644 35307
9875 10016
115486 115498
67128 70599
71352 71367
86876 97548
121101 126871
44502 45116
38612 86876
115987 117850
42547 42784
116138 116143
93146 99783
642 3590
28971 29481
102514 103717
31550 31895
36261 42724
16799 19674
74197 79421
14600 14603
33108 33183
109759 124078
44530 45239
41161 44667
41650 86876
35815 36058
104086 105925
125473 125747
34398 34482
105516 105517
127013 127796
36867 36911
127559 129248
6881 11848
117669 117684
22915 26564
20729 27041
70745 70881
56348 62647
109551 109554
18945 19969
41661 47772
115485 115487
2781 3117
22408 22471
7418 7775
17974 17978
32687 35110
88023 96993
28847 29485
41719 43748
54934 54977
68787 70597
36512 45309
83285 86876
115710 115788
40402 42190
44112 86876
44530 44840
23970 23973
6581 6697
32522 35117
7677 11984
76187 83763
38405 38408
40423 42835
30323 31784
32455 35812
86876 98496
121728 122416
1 469
122951 126126
9970 10016
36512 44583
23964 24108
20685 20779
44 6174
54121 59794
35355 35605
86876 95264
88130 93197
70712 70752
122400 122599
22661 22663
6853 6961
745 1279
8112 8124
35117 35302
29731 31533
29930 31940
123454 125866
5305 5306
36260 37270
65381 70548
110965 112253
23419 26773
92317 93151
72194 72201
117156 117177
46 962
97988 99795
101568 101673
88023 91527
121497 122462
116840 116841
48152 48154
42296 42547
33603 35810
66225 70574
34403 35873
63338 63710
30310 30326
22110 27153
113919 122818
24540 24551
285 6090
86876 97789
75441 82202
107233 122568
122698 123591
106836 117684
84460 84462
115792 117684
36512 41500
22322 22334
117684 118580
1342 5521
78888 83612
40661 46470
126730 127865
75968 78228
9711 12299
3983 3984
64206 67685
34680 34924
36512 46746
78228 79123
37332 44840
101717 102331
14504 14593
15236 17730
35117 36077
76478 86876
32039 33334
4609 5471
78168 86876
28864 29155
76261 77400
109952 120390
69137 70599
32154 34724
194 6183
49428 49478
118053 127102
9945 13921
70673 71010
11008 11138
110310 110360
122818 127885
38619 38799
5459 6201
112255 112689
66239 70546
1156 1291
31975 35620
106310 107509
8184 8230
6547 6694
68452 70583
43682 43699
10313 10456
83763 83783
120357 126901
5407 5471
113419 122568
34408 35352
57461 59230
110498 122698
40032 45181
112591 112599
119110 122698
38447 44790
67878 70410
33737 35307
101716 102296
58059 61101
56318 58010
102303 102368
108145 122778
42939 46626
111885 112309
25093 25220
28473 29206
9747 11393
90897 91620
30323 30972
103848 103913
82117 86876
114291 117684
7686 12955
116052 116056
113112 125188
7948 11401
105996 106032
32687 32690
90295 98033
112765 122698
34520 35321
45825 48578
1955 71322
5128 5455
2558 3086
30324 31114
1275 1396
21558 21984
45545 47791
30323 31220
2185 2195
88023 97958
44984 44986
122568 129637
32737 36256
81334 81336
77495 78888
36708 45545
7128 14087
101715 103363
6687 13470
65188 70574
32358 36256
92435 99844
112546 117684
24462 24571
29747 31188
113908 115392
8528 8657
86876 99457
15090 15095
112132 117684
34481 35266
92603 93153
33386 35117
113170 124381
34681 36097
37984 40407
43931 45577
45545 46329
32906 35803
97160 97197
17290 20108
23354 23464
79342 85637
117684 118541
29741 31127
16113 16126
34614 36095
115158 122698
45825 48430
47337 47339
109639 109657
35070 35115
33357 33397
23330 23445
101705 102842
78229 86498
101722 102496
113906 114189
23310 25408
33041 35823
10090 10096
106268 107054
78208 83590
104092 104096
101588 101640
92513 99630
31079 31895
33490 34398
88884 91941
90118 97653
115543 122818
113623 125101
9564 12378
2693 5534
106354 107253
41836 45296
2305 3095
34197 34204
41946 42384
36261 37348
87923 90987
65143 70580
36261 41604
40414 43911
14399 17993
111769 122738
79052 79064
5454 5563
124282 124533
4928 5454
8372 12629
88808 94732
542 5454
101717 102428
105988 106009
10585 11351
117684 128871
36260 43910
122778 124746
1025 5523
65912 70579
9664 13057
7044 7188
70651 70661
127482 127496
37508 86876
32011 35815
33747 33766
75359 82083
111837 122778
614 879
91138 91912
17348 19606
118597 122778
49718 50188
78888 82539
41102 43268
108108 122818
497 5165
107681 107682
114869 122738
34405 35213
37417 37714
88023 98815
76234 83898
1271 2253
16036 16043
65638 70554
92435 100088
36512 39622
121831 121915
4597 5455
32521 35110
21570 25016
101718 101722
87338 88917
109885 126099
101705 102395
2733 3097
39105 39106
23152 28008
36511 45577
28431 28496
122778 126729
70318 70583
107870 122568
56545 58951
923 2248
57486 57503
10366 12614
70754 70836
101734 102874
2332 4043
112224 122658
93151 96108
18944 19296
44194 45577
79049 80468
105478 105479
5471 6096
99017 99043
104087 104229
52686 52815
8390 13923
973 2079
91924 99882
101716 103006
56698 60098
101717 103845
29251 29315
76494 84553
6256 6498
110994 122698
9712 11515
72106 72109
1023 3496
109936 122568
38941 45577
36260 42167
129781 129782
5227 6194
39643 43052
51663 52533
41567 41946
7394 10220
19203 19271
534 2972
36745 45545
494 5125
125322 125688
123753 125691
28411 28438
108143 108150
2410 3080
71570 71585
108983 117933
20741 20743
107318 117684
66266 67716
40419 42453
24050 24117
9257 14044
69102 70597
88686 94456
287 4003
122658 123632
35130 36156
33484 34963
114420 114424
66335 70570
76524 87338
122568 128492
18792 19944
58922 61858
63335 63996
41253 43636
106542 122778
34441 35343
22774 25549
109081 124574
2249 4066
64206 65300
67853 70596
531 1636
33339 33384
115194 115878
41781 42059
87923 91277
47263 86876
112118 112541
6248 6501
22230 28146
41690 44726
111388 122658
91525 98473
129308 129939
39488 45296
32926 34503
10343 11178
89221 90912
123654 123960
33629 33648
20738 27050
38728 45181
88863 94863
64465 70568
101722 102792
96100 96144
10446 10448
6368 6497
41912 46129
9433 13366
33241 34142
103951 104040
7259 7361
4748 6196
22861 22938
3268 3577
34503 34660
101706 102802
89244 95719
23227 25708
49414 49457
77595 81371
71788 71847
9551 9585
43356 44726
16225 16227
5777 5797
60136 60194
46086 46088
118323 122778
16583 16603
116193 116199
10431 11737
8197 8207
75145 81545
58059 62687
87338 99198
71908 72020
17959 17961
7122 12648
77613 78889
3078 5471
103391 103789
48052 48073
101829 101915
31975 33516
78207 78435
44584 45011
3075 5471
48887 48929
21021 28049
122698 129623
89746 96860
7482 8189
1150 1928
45577 46461
66722 70410
359 396
23762 27155
65323 66331
101564 101603
36512 47166
65165 70567
112120 113587
79049 84240
38296 40481
8875 13800
69892 70599
123742 123905
6808 12727
14824 14827
107895 122698
23463 26032
2467 5455
6929 11896
93932 100140
66266 70415
17301 19559
33012 35355
3068 4041
38447 41216
115867 122803
106007 106027
23495 23641
22667 27189
3626 3631
40606 45577
72263 72275
43227 45997
36260 41933
60352 60421
128571 129219
127634 128473
116860 116861
493 28867
122738 127819
40068 40069
10549 12905
125295 125410
35464 35465
1381 5644
2727 3122
10397 13293
34144 34238
24257 24344
71820 71835
39815 41001
54142 56340
121867 122131
39660 43999
18695 48756
50276 50767
4408 4413
36261 47900
71 6180
122229 122444
44223 44246
67880 70599
18310 20502
115101 115117
7764 11286
152 232
50059 50062
3901 3917
109169 112342
122568 127388
124631 125218
87338 99879
122167 122738
68834 70599
77714 78888
36260 43432
21573 22550
79049 79925
63975 64040
30080 31625
109559 113881
56457 59521
86876 93773
101829 102240
397 1439
70110 70583
848 1991
918 1334
109011 111301
115387 115389
24010 27829
15725 15726
101734 103693
106576 121230
29741 31097
36355 45545
3811 6194
64206 66596
14341 14348
45545 46716
49780 49975
122698 123960
16 5471
40801 45623
938 2079
395 5756
101584 101638
127641 129227
110375 122738
33256 35503
78888 83378
72034 73686
503 1889
87338 94250
24983 25004
55685 55686
36260 36760
21510 25397
59030 59048
122778 125052
62239 62240
66266 70038
5200 5468
110346 126395
65431 70574
22961 27415
109083 110455
74418 85590
93064 93066
123893 125617
120649 127698
4370 5452
78951 86876
1592 6153
1480 2086
93364 98466
21807 26919
71411 71448
75378 78296
5153 5154
37656 37659
30104 31400
49576 68010
23763 25880
65705 70410
103948 104035
45545 46986
7353 7378
105259 105995
43468 45577
1647 6188
32185 35355
36774 38032
34892 35117
66266 69501
77649 78888
65686 70582
92092 92098
50654 50695
125899 126085
9859 9911
17161 17308
37998 42666
21459 26288
109495 109509
4072 5471
33395 33401
15618 15620
70652 70946
8308 13998
93146 99831
29746 31659
30317 31895
19067 19097
31941 34237
57392 58137
110392 113046
31975 36016
115206 115218
66266 70324
21143 21149
33398 35503
34462 35116
61641 61738
21774 27357
32134 35352
2921 3127
65490 66257
30324 30717
30325 30788
70711 70752
88023 90931
91201 91220
32021 35437
38931 42002
2676 5526
66071 66370
111308 111326
31113 31811
16577 20364
69342 70596
24987 24997
113404 122658
81699 81700
67 87
22647 22787
65795 70562
6336 6416
7457 10451
77081 80486
2900 3127
47519 86876
101706 102031
36512 37174
120642 129289
90993 91029
33951 34185
30588 31895
7497 7585
18682 19274
56405 59521
103631 103789
109754 111795
49296 49414
3082 5463
42226 47699
111239 113122
9076 13461
46226 46228
94709 94710
109777 126547
127621 129314
32288 34142
3287 3579
86409 86410
46 2523
110862 110876
62098 62229
60358 62331
45577 47773
10400 13296
68480 70596
29272 71894
24189 26827
2514 3088
24522 24528
129352 129384
2575 3089
90313 97988
36261 39373
33409 33447
120801 127292
49576 66632
42609 45545
34443 34490
48818 48856
104086 104946
96557 96631
114999 122778
33609 35110
33388 33391
86876 90995
9038 13423
495 1102
7879 7916
39242 42865
1379 1451
123758 126610
22929 25322
77372 78093
62297 62327
111681 117684
40661 45929
120247 127392
1293 6161
106316 107884
101622 101623
22007 22090
5633 6049
23691 28095
36260 45228
32476 33337
31201 31813
30143 31813
7631 13999
68638 70599
112332 123459
109655 110328
7943 11867
127944 127958
24321 27914
36260 44019
115931 116058
95642 95650
38619 39932
54162 59855
126885 129598
111477 122818
2597 5471
560 633
18741 18789
127472 129916
81543 81617
20971 26409
66946 70597
6107 6148
44777 45577
32372 33361
10134 14198
86892 86907
6912 6945
117730 122658
105427 106026
63335 63974
66266 70181
54218 57337
58059 61838
7067 7182
65216 70567
19252 20036
34104 34184
29731 31882
117514 117630
78208 84609
101715 103341
37505 86876
8992 13534
10168 10173
38619 39294
7765 11601
9539 9549
40410 48694
35007 35274
8804 14200
32602 35110
65803 70555
32172 32180
36261 46328
7069 11967
127207 127584
9709 13573
4949 6162
74406 79945
73721 86365
126925 128145
65235 70579
122738 129848
111417 113544
24536 26627
24510 28034
74669 86149
79875 85607
109397 125344
31941 34074
22856 22908
38143 45545
2832 3122
106399 107356
17948 18014
108660 122568
79049 82094
10614 10693
120408 127283
41707 44109
42226 42818
34072 34076
70467 70599
9087 13158
123146 124353
102305 103270
14312 14313
106370 107179
113954 115737
123589 126527
35352 35677
29843 31813
42463 44954
112107 122698
9952 14085
32383 35097
36261 36808
73871 80920
36512 44589
21049 26330
87338 88541
82 2932
47069 47071
519 906
7480 8226
36260 42758
33241 35274
56843 60525
36261 43801
34638 35083
117432 117684
111863 113155
15079 15081
883 1312
23684 28088
80941 80959
120492 122778
127859 128692
89589 96525
21611 24942
8666 8672
113994 113997
122698 126815
109132 122738
34987 36256
73871 77400
36996 40396
7154 12857
75965 83368
18792 19021
107105 122738
114031 122818
10559 13700
127715 127722
66210 70560
22862 22868
73871 77194
45577 48682
99024 99455
123112 124570
55167 61225
25096 26195
44556 46143
39497 40405
3414 3417
106354 122743
36512 43049
18985 19026
67395 70599
122818 125060
64609 70568
2469 3580
65332 66516
49576 65941
29107 29334
93151 93488
15236 17811
65364 70553
76193 83763
87338 87520
65627 69448
22924 22994
83276 87338
109690 121998
83060 86876
38226 38228
73871 83940
87338 97501
101909 103791
53421 53585
5568 6188
18065 18066
111522 113655
49576 68937
64119 106140
36260 44562
112770 113204
91386 91391
115993 116814
38090 40395
6620 6738
73871 81497
93153 93404
472 3819
126779 126810
78032 83289
28497 29300
45577 47780
41719 44126
49405 49414
78228 78395
40331 40333
62561 62608
121671 122568
9665 11625
106484 107964
47658 47661
127539 128596
23174 25812
120682 127037
57482 57584
30965 31895
117684 129771
1283 6176
78207 80393
123640 126578
24370 24470
24286 24287
19162 19268
24752 27893
54106 60244
55121 61199
6904 6962
109496 109501
106144 106173
117684 120972
102523 103690
45825 48581
23441 23445
21905 21935
115839 122568
108674 122698
73871 79485
24723 28335
67712 70597
35437 35884
122818 124412
87338 92336
17070 19705
86876 93306
43268 47058
86899 87066
40053 40506
36512 47385
71442 71471
40188 41024
20967 26719
34398 35398
109797 125308
36261 40520
25174 25177
34488 35115
78208 83850
116275 122658
124733 125818
507 1968
2615 3085
4596 4606
34704 35355
122738 125325
127917 129505
8814 8890
112139 122738
36261 36663
101229 101235
22971 23010
116044 121432
122658 129915
16845 17036
1779 71525
70041 70583
67661 70511
120572 122738
92092 96422
42426 42428
91364 99615
87338 95439
1110 6179
55727 57326
1067 5471
127494 127503
108883 108924
1254 1325
22405 22530
645 2262
18042 20476
124626 125704
23132 27674
1175 1310
496 1872
87402 87403
97498 97550
44556 46521
7367 12667
2922 5459
17805 17807
119198 122658
35110 35302
66013 70559
616 968
101734 101800
87338 94879
113018 122698
61746 61763
101715 102116
18307 19939
36260 38758
87338 96047
110335 111307
8534 8685
61165 61199
7680 13577
39574 43746
5471 5901
114110 114116
2754 3118
49940 50123
107443 122738
122169 122738
37946 86876
30326 31191
818 6174
14387 14397
1264 1953
63485 63758
73776 87338
7100 13902
71274 71300
110889 111231
36261 42615
86578 87338
59377 59519
109123 109255
81175 86876
78881 85468
7400 12700
36260 37871
18284 20252
10313 10319
9044 13586
70507 70597
1101 1290
34463 36256
32453 33337
23390 23392
84271 85796
127200 127911
121125 122778
17066 17072
114745 114751
9240 9359
109031 110348
10451 11600
14340 14360
18442 18490
2401 3078
16502 19953
6125 6147
43417 45545
87338 87587
18229 18286
109139 112736
123973 124619
18552 18771
120719 127820
22532 27908
66202 70579
89399 90946
45545 47422
127689 129625
65934 70572
46976 46978
122738 127772
111852 122698
106326 107486
34627 34674
93151 94408
99016 99088
36424 36470
36260 47733
23761 23765
66266 66839
106854 122568
17973 17980
79130 86447
38152 45545
34935 35399
2329 3108
22961 23012
122738 126890
114245 114252
105993 106016
42403 86876
22921 28317
507 5992
115522 122738
38447 41949
18431 18537
32891 36086
103190 103778
101581 101687
79049 81990
480 1391
121148 127721
73871 77005
93153 99114
17045 19680
90295 100206
21614 24498
127707 127722
97576 100135
878 1301
106366 106802
70752 70917
36261 43529
40678 47228
79952 86468
817 1380
37714 44209
109934 126125
22472 22475
109411 112338
34407 35086
110847 111777
101716 102079
21424 26901
1023 2080
123398 126081
2709 3125
122568 126111
93364 95132
21505 21507
110523 112748
101593 101690
72106 72155
399 1492
3941 4041
14482 16360
1768 6191
106911 108949
93098 100014
9441 13217
54977 56491
106255 122818
109004 110867
34367 34724
66940 70596
11083 13301
25185 25970
5498 5534
89134 91250
17268 17274
34321 34395
106368 107071
5387 5430
126668 126685
74057 79052
44015 44071
36260 37828
23370 28157
10418 11881
101734 101782
80892 80893
118286 122658
36260 40889
9685 12587
37737 45545
65888 70548
114515 114521
20685 20800
42879 45362
20750 27847
110261 112130
32952 34963
87338 94952
39752 42030
21622 21710
122676 122688
112318 122568
31975 35125
24643 24740
121504 121579
78208 79676
36260 42428
109147 111025
47584 86876
40394 46082
20986 20987
46016 86876
1855 6089
65821 70596
17053 17054
77042 87338
87338 99856
104732 106037
38447 42364
78023 79049
30323 30809
76766 85948
1163 5457
106766 108948
66217 70579
76791 86468
17963 17965
21989 22089
16947 17043
34630 35823
21475 21585
8979 9130
747 2246
129188 129189
109955 122818
108985 119003
16837 16843
23489 23679
112949 122818
42345 46348
121153 122568
31975 32787
7908 8006
86876 89378
34401 35786
9256 12139
108612 108613
122698 129394
40579 45545
87338 90201
80503 86876
57588 57655
19226 19245
9046 13431
16450 16596
108064 108065
122568 128069
38619 40124
34724 35267
65705 67433
713 1393
10806 12936
39048 40405
66266 68565
31975 34644
111757 125873
36376 40398
77798 77805
120338 127028
34805 35823
16513 20300
1425 6044
325 3591
101717 102324
9061 11699
34734 35650
42624 47561
86398 87338
40825 43814
115581 115712
23998 27346
77187 87338
112559 112582
96100 100828
34142 34807
18540 20044
40508 40511
496 1903
59839 59846
88023 91351
22003 22004
110875 113037
86876 95497
88569 94217
56547 61127
122778 129970
45545 46862
16974 16989
86876 97913
38447 41649
101672 101683
47758 47760
116 6151
3722 3730
70652 70661
45577 45781
34709 35321
31941 32966
86876 97181
79049 81219
107717 108944
71403 71442
31692 31811
61 1715
120852 127253
36495 45545
30814 31895
38104 40411
59048 62737
78916 85496
92483 97825
56241 62634
19200 19202
33707 35803
113192 125726
68167 70597
11012 11143
114384 114385
29742 30927
124573 125423
129280 129531
10901 10911
54291 55198
40572 48267
9554 9569
18923 19611
45545 47925
59048 60006
60070 60098
112156 112167
39522 40414
89930 90960
105389 106037
110372 122658
90916 100716
30323 31422
34793 35803
1040 1318
29508 71877
16043 16109
18694 19958
36722 36724
70832 70905
65223 70558
6951 7468
22923 22924
6698 11577
39324 43226
87908 101215
10452 13348
6232 6313
37479 42965
43923 44101
45577 46571
69964 70597
65788 70547
16799 20570
113978 114031
40406 45928
110370 122738
44594 47004
87338 97422
109678 109869
38619 39557
9127 13826
78207 79815
33894 35355
688 6035
60 1687
86876 98120
81440 87338
18935 18944
45284 45286
36737 45577
124603 126083
923 1313
23083 23105
76864 86465
70871 70894
92356 98547
3298 3303
113021 113023
1088 1388
61161 61165
45577 47240
108207 108220
6955 6956
33263 33337
42107 42483
115117 115119
18268 18269
79343 79436
2448 3069
110741 111242
36512 40787
122379 125493
24000 24117
8775 13229
77310 85701
120727 122658
32126 34963
102062 103873
101722 103656
515 1379
88255 93443
25223 26322
15257 15309
14307 18488
73871 76772
21570 23714
5546 6161
129345 129444
34432 35133
111354 122568
128761 129371
22870 25734
80718 80723
38447 40066
109539 109572
106327 107449
93153 97129
65978 66360
54314 54379
29740 30408
36260 40587
57504 57506
126750 126856
11017 13706
80612 80695
40413 47124
23398 28342
73871 82494
117682 127237
21363 21395
6329 86876
36512 43640
36588 40420
110787 113004
105377 105959
72308 72440
38619 38727
87338 88667
4156 4157
78229 85883
38447 40340
21629 21631
438 3123
116022 122818
16046 16059
3054 6173
1391 1552
37026 40957
1286 1712
71865 71876
35040 35274
21450 21452
86876 96911
61165 61885
109966 113207
23136 25931
29730 31635
70894 70943
92437 92576
35130 36247
120670 122568
57988 58085
29798 30072
28463 28496
36512 38200
102305 103245
22025 26577
122568 124773
33981 35812
6170 71234
7072 7075
56644 61199
121226 127286
32964 32965
78828 87338
29731 30493
40413 44275
73849 86876
38176 40394
363 5464
36261 47291
32894 32946
102303 103166
103944 104010
94102 94103
61345 61347
110394 124142
77654 85884
8456 8459
694 1834
38447 39949
40421 42022
111385 113512
76262 86693
1521 4047
110934 122698
1782 1973
503 1583
120404 122818
111439 123951
101782 101920
37354 46191
54878 58771
2136 5471
78208 81976
44276 48021
1383 3751
68371 70596
10667 10668
93364 97987
21731 21864
17743 17829
16495 16550
102303 103227
395 1254
114978 114996
83113 85630
11016 12272
15449 15450
9874 12751
36261 42501
127532 128096
23807 23808
102303 103238
110476 111846
21556 22104
114257 122738
122818 128359
5451 6089
35130 35222
101773 102893
91938 92765
6897 12178
114323 114325
36441 36470
120345 127028
22523 22542
49039 64190
87338 91196
54093 56121
71563 71611
102443 103778
34588 35097
101717 103475
60973 62634
122491 122506
71798 71820
126682 126691
86876 99195
59917 59960
115376 115384
8355 8439
95004 95082
121943 122632
78888 82583
9686 9757
9342 9362
76864 76869
16037 16039
56327 58010
2369 6156
115618 122658
35097 35839
78295 86876
34379 35352
33500 33518
115287 122738
56733 60075
49039 63455
49119 49534
28654 29419
9247 9253
66265 66368
55618 61763
1137 1339
5471 5563
71735 71755
34497 34500
117372 117684
41337 45545
103945 104020
37242 37551
23891 23917
72320 72323
7473 8392
36512 48578
1776 1867
24458 24563
84453 84454
106241 106245
127488 127505
114700 122738
63721 63934
33454 34398
71543 71607
87338 97438
110497 122658
124622 125700
3017 3118
67710 70511
92565 92769
93130 99969
28592 29636
41362 44556
112222 113090
55081 60000
55663 58029
109537 109541
56464 56526
54815 56352
122818 124572
86876 88514
5057 5078
104122 104126
33153 34724
4326 4327
97420 97488
24207 25582
667 6158
38058 38072
79342 79417
87364 87387
103962 103968
75144 77939
23915 27779
55307 55328
6583 12404
113993 114006
3085 4049
3064 3107
8076 8112
30329 31895
44080 47243
43057 45577
1404 6202
116873 117684
65517 70579
14340 14342
4398 4408
112795 113230
92561 93364
88657 94413
46840 47268
30326 31772
3021 3123
7164 11277
76153 83685
36261 39109
2035 2075
15077 15092
90918 100110
90185 92211
45239 48294
34477 35115
114039 114046
76559 84680
102282 103873
70913 72164
9912 13260
4595 4609
114498 122738
36868 36874
1353 1534
103529 103640
106941 122818
9980 11267
121925 122238
93206 100176
101553 101687
7481 7963
93153 93888
22438 26538
115950 117216
101593 101685
121497 122391
5291 5292
87338 97194
76033 78052
70755 70888
40272 40276
41365 45545
101717 102578
74159 76910
112297 112439
86876 100523
101717 102022
101577 101587
87617 90771
77918 79049
31941 35376
70745 70861
93362 94024
30157 31940
41844 44632
40396 42922
40259 48433
45850 86876
49144 49414
65797 69777
91642 92881
82125 86876
37000 86876
24013 28146
9346 13662
120964 129302
112146 112250
106459 106800
4760 6196
86876 99338
92348 93362
45545 47112
34142 35321
17579 19933
101836 102245
67182 70583
77411 78541
45577 46182
65700 70574
36261 46312
123914 124088
24997 27284
106463 107167
121324 127583
7881 14180
38649 86876
106396 106818
75909 83245
33839 35097
14307 17005
54977 59906
29301 29481
22238 22334
109129 122698
122698 125197
117219 117684
49039 63787
101763 101773
49038 49362
32288 35815
77525 86659
109916 112742
59521 59956
32237 35352
44433 44455
122738 126044
92516 99921
42855 42857
1183 1387
104088 104201
29730 31940
113970 122790
41047 44684
101722 103302
125104 125233
10094 13373
95276 99898
89019 95243
86876 96000
634 1352
66569 70597
106007 106036
8982 11777
122913 125639
65416 66267
66134 70580
103958 103959
32056 32179
114986 122698
3401 3402
64049 64068
98648 98658
121270 126804
113997 114009
74 1330
129280 129532
36261 41835
122698 122772
120314 126889
63336 63351
9088 13944
5688 6036
111771 112122
129325 129599
33609 34503
56583 62736
6836 6840
489 5450
87338 90879
115368 115374
21979 25903
48369 86876
81690 81692
49576 69685
29360 29481
49095 49121
314 636
82114 86709
58085 62733
41401 43780
7099 7168
114942 122568
102553 103791
93364 94881
41893 41907
41571 48231
9130 11925
122316 122388
1397 1699
106494 106543
62963 62984
106591 122778
34445 35386
46583 47480
9016 9134
122568 126835
53312 53454
22991 23443
29741 29756
18937 20185
25094 25098
37977 45545
93151 96218
112157 113001
9354 13356
38447 46917
102305 103492
93151 94695
123108 123920
5159 6200
36512 38768
85529 87338
115392 122738
18248 19544
114051 122698
37710 38058
1219 1317
3066 3089
78207 81871
7507 10237
34421 35309
1028 5523
105048 105958
618 1078
3030 4034
8176 13307
52101 53585
67760 70410
113489 126401
101496 101505
24268 24337
87338 91649
15304 15346
79 3589
2449 3077
109155 111034
92437 93698
508 1765
4045 5471
16822 16843
122706 122722
31975 32826
10425 13635
37990 45545
122778 126200
110787 113031
117682 122758
77318 82594
87338 97541
1676 6155
36777 45239
6809 6915
122189 122658
106142 106229
43355 43995
21563 24444
2894 3123
2615 6159
109042 111372
8105 8170
101686 101701
121207 122568
23868 25671
16222 16275
35352 36150
34724 36140
22301 22333
36260 38064
110418 111377
87338 93702
101665 101666
39423 86876
36261 43158
36510 42463
2481 3081
117684 129484
29921 30323
2870 3125
494 1989
72462 72528
22004 22109
50307 50666
113917 114065
32488 33359
71511 71528
110861 110874
122658 127922
41874 44840
41483 41500
107597 107603
8312 13845
122658 128636
124075 124535
40940 46812
44288 44289
114262 122778
87338 99565
22857 22943
71491 71536
1383 5872
97497 99927
32990 35355
10623 13764
21212 21292
70564 70598
38790 44309
122208 122738
93567 99841
69205 70484
8981 9016
89205 95655
110133 122818
66055 70589
1218 1395
121537 121574
36772 45577
33370 33402
78922 86826
1777 1864
49576 65572
101705 103610
22929 22930
99088 99089
109952 124409
5016 5032
127803 127848
66087 70553
36512 37535
115877 122738
122568 127770
38562 44899
440 646
5520 6214
77310 77318
14781 14835
29747 31067
17083 19382
36261 43973
24718 24795
108830 108837
8303 8404
84824 87338
63903 64059
19240 20360
117449 122738
38620 39673
3287 3581
651 1286
93153 96510
21202 21209
105098 106039
79049 80529
81466 86361
36260 44775
78894 78898
43543 45085
38620 40034
103920 104003
95561 95602
67522 70511
2948 5533
124106 125435
36293 38447
46291 86876
105155 105959
65494 70564
871 4036
77231 86876
1227 6146
106765 122568
112267 122698
23140 26249
101583 101651
89265 100987
37448 37455
9383 9509
24613 24792
5983 6023
36774 37265
10108 13858
88023 98956
29798 30596
18900 18919
37239 86876
122778 124408
102982 103778
75598 82606
24252 25313
110205 122778
116696 122568
51883 52348
22996 23013
29261 29277
28411 71561
29879 30262
78143 85799
6336 6378
106920 122778
979 5454
127621 127627
89997 99426
64068 64074
32899 32944
34421 34481
93153 98327
32381 35097
43666 48021
798 1356
6809 6946
31942 35429
104085 104473
86876 94129
41482 44226
24760 24796
1023 1305
39281 43319
23400 23457
68220 70583
31975 32302
29731 30072
110153 125422
114412 114428
115145 115876
29742 31534
123175 124633
2796 3127
38447 39343
17761 19763
78888 81299
57624 62229
58731 59521
29740 30274
18502 20006
25162 26261
74057 86876
114796 122818
470 746
37612 41631
111335 125207
21412 27360
104762 105315
101722 101812
5154 5155
36613 36615
2936 3116
40299 40849
8625 13775
122658 123698
116707 122698
123076 126520
29798 30309
8302 11618
102304 103326
36261 40567
106151 106170
9455 9525
8754 8871
10613 13283
77750 79982
116898 122568
127048 129991
45825 47671
4821 4850
18287 18295
45249 45545
15733 15802
462 4047
2877 6188
39182 86876
37183 43543
106954 122738
32502 35213
122155 122156
1820 3921
25126 26539
49576 69753
18249 19545
110949 122778
79049 81830
34436 35316
76998 78456
234 925
71330 71335
38447 44651
4282 4315
46041 46107
49638 50945
29747 30048
66266 66810
111394 117684
806 6194
54185 57318
24985 25839
122698 122907
43550 43576
56337 61788
73402 76047
81318 87338
8086 13845
121239 129315
125024 125665
8149 8150
34478 35491
63349 63882
93229 99539
70689 71886
22784 27463
87338 88836
31983 35810
92815 101135
80598 87338
2069 2094
102302 103185
32411 35213
77503 84953
115984 115991
493 2145
21136 21172
117684 119169
24204 26050
36260 45958
38149 45577
34847 35457
23548 27952
43268 47084
19214 19215
9669 9806
5722 6161
78228 84768
10991 10996
36261 45263
21322 21512
122083 122306
91055 92526
1395 1505
42797 43268
59024 59048
41342 44109
42205 86876
21853 21858
6237 6358
65840 69062
107110 122738
2383 3081
35103 35115
109011 109558
93151 98205
404 1675
48825 48826
110185 122698
111849 122778
42956 86876
20816 27913
115523 122818
90538 99610
33227 35355
2054 5450
108448 122738
112592 122778
101503 101659
65269 70553
109801 122568
122568 129915
78207 79655
8398 11556
3038 6152
65821 70570
114408 122658
44687 44689
30324 30424
41571 44126
24220 25752
122582 122631
40488 47142
109006 122658
9689 11963
31975 32990
28 5471
78207 78369
35309 35462
93151 98715
120724 127608
92407 93362
23591 25934
22501 25816
115306 115309
87347 87352
54344 54449
59887 61029
71317 71432
44626 45545
49130 49414
106413 106745
54753 58627
114350 114351
32221 33854
42989 45577
107033 108950
43435 46379
80793 86876
14808 14829
10670 13811
35130 36231
8607 13914
107104 122738
40420 43139
62715 62716
34663 34675
31975 34371
38447 47695
110280 122778
101715 103281
1384 4038
94009 101215
10453 10455
2724 3113
82358 82412
49576 66255
37388 37711
109646 109678
88813 94710
41661 43673
20828 21571
65698 66600
87941 91487
88582 94250
23684 27774
67596 70511
108162 122568
69216 70596
107218 122698
10875 10917
92529 93500
60548 60563
113118 113542
45577 47058
96976 97020
611 5471
31561 31811
51906 52371
38533 38542
65995 70599
93362 97905
118036 126658
106365 106752
25188 26758
22738 25356
69617 70597
42227 44783
31596 31895
88023 91507
34565 35810
71762 71858
29851 29908
21583 24790
110390 124142
122698 125701
45183 45190
289 1104
88844 94826
34434 35503
91468 92226
10195 13945
123671 125331
102303 103467
15428 15470
23388 23389
115570 115602
78229 86739
2686 3127
32330 35309
39334 40978
39488 43563
532 1676
109493 110863
44523 86876
10674 10677
122698 126383
39793 41631
93153 98753
30831 31811
86876 90961
102055 103448
29746 31632
87262 87266
21749 25585
42178 44359
268 3114
127764 129245
36428 43730
57377 58108
29104 29364
5928 5962
70254 70583
2294 6048
30325 31707
117684 127610
125186 125306
1672 6189
102305 103658
39242 42940
10105 12579
30762 31700
30324 30677
126146 126380
5968 6161
74021 79015
115545 122658
63339 63489
73689 76951