5 4
11111
10001
16201
11111
10 9
1111111110
1000000010
1023321010
1013232010
1023324010
1013232010
1023321010
1000000010
1111111110
13 11
0000001111000
0000111001111
0011102020001
0010001331201
0010221531001
0010003333201
0110103131001
0102112131201
0104200003201
0110010011001
0011111111111
8 10
00011111
11110001
14200101
10222001
11313001
10033101
10013501
10232011
11100010
00111110
11 10
00011111000
00110041111
00100122001
11131000101
10021312001
10003330011
11121312010
00100000110
00111000100
00001111100
18 13
000111100111110000
111100111100010000
102002000002011110
101000101110100010
100200020102202010
111001102420000011
001201100102202201
001000020011011001
011101211003331011
010033535331131010
010133533333531010
010001111111100010
011111000000111110
17 17
00111100000000000
00100100000000000
00100101111111000
00100101330001000
00101111331121110
00100202350000010
00101201531021010
11121001331001010
10001201531021010
10101002331001011
10121201332001001
10001001331000101
10141021531210101
10021001331000101
11000202020111001
01111000100000011
00001111111111110
15 15
111111111100000
100011000111111
102000202010001
102010032010001
111001131002011
101121131113010
100053333333210
100001131100010
112111131111110
100201030100010
100100552000010
100201040102010
102000111110010
111000100011110
001111100000000
9 9
001111100
111000100
102543111
101052001
101303101
101250201
100003111
111000100
001111100
14 16
00000011111000
11111110001110
10001102020010
10101100001010
10133202011010
10032102100010
11133102042010
00155102010110
00133100010100
00133111110110
00135100020010
00133102000010
00113111011111
00102000000201
00100011110001
00111110011111
8 9
01111110
01000010
11305011
10302001
10155101
10056501
11022011
01000010
01111110
10 13
1111000000
1001111111
1000000001
1001112101
1131010301
0101012501
0131110601
0102012501
0101000301
1131111501
1002020501
1000000011
1111111110