MF1
010010010010010010010010010010010010010010010010010010010010010010010010010010010010010010010010010010010010010010010010010010010010010010010010010010010010010010010010010010010010010010010010010010010010010010010010010010010010010010010010
010010010010010010010010010010010010010010010010010010010010010010010010010010010010010010010010010010010010010010010010010010010010010010010010010010010010010010010010010010010010010010010010010010010010010010010010010010010010010010010010
010010010010010010010010010010010010010010010010010010010010010010010010010010010010010010010010010010010010010010010010010010010010010010010010010010010010010010010010010010010010010010010010010010010010010010010010010010010010010010010010
010010010010010010010010010010010010010010010010010010010010010010010010010010010010010010010010010010010010010010010010010010010010010010010010010010010010010010010010010010010010010010010010010010010010010010010010010010010010010010010010
010010010010010010010010010010010010010010010010010010010010010010010010010010010010010010010010010010010010010010010010010010010010010010010010010010010010010010010010010010010010010010010010010010010010010010010010010010010010010010010010
010010010010010010010010010010010010010010010010010010010010010010010010010010010010010010010010010010010010010010010010010010010010010010010010010010010010010010010010010010010010010010010010010010010010010010010010010010010010010010010010
010010010010010010010010010010010010010010010010010010010010010010010010010010010010010010010010010010010010010010010010010010010010010010010010010010010010010010010010010010010010010010010010010010010010010010010010010010010010010010010010
010010010010010010010010010010010010010010010010010010010010010010010010010010010010010010010010010010010010010010010010010010010010010010010010010010010010010010010010010010010010010010010010010010010010010010010010010010010010010010010010
010010010010010010010010010010010010010010010010010310110110110110110110410110211010010010010010010010010010010010010010010010010010010010010010010010010010010010010010010010010010010010010010010010010010010010010010010010010010010010010010
010010010010010010010010010010010010010010010010010310110110110110110110410110210110110110110110110110110510110110120010010010010010010010010010010010010010010010010010010010010010010010010010010010010010010010010010010010010010010010010010
010010010010010010010010010010010010010010010010010310110110110110110110410110211110110110110110110110110510010010120010010010010010010010010010010010010010010010010010010010010010010010010010010010010010010010010010010010010010010010010010
010010010010010010010010010010010010010010010010010310110110110110110110410110210010010010010010010010010120010010120010010010010010010010010010010010010010010010010010010010010010010010010010010010010010010010010010010010010010010010010010
010010010010010010010010010010010010010010010010010010010010010010010010010010010010010120130130130130130130010010120010010010010010010010010010010010010010010010010010010010010010010010010010010010010010010010010010010010010010010010010010
010010010010010010010010010010010010010010010010010010010010010010010010010010010010010120010010010010010010010010120010010010010010010010010010010010010010010010010010010010010010010010010010010010010010010010010010010010010010010010010010
010010010010010010010010010010010010010010010010010010010010010010010010010010010010010120120130130130130130130130130010010010010010010010010010010010010010010010010010010010010010010010010010010010010010010010010010010010010010010010010010
010010010010010010010010010010010010010010010010010010010010010010010010010010010010010120120010010010010010010010010010010010010010010010010010010010010010010010010010010010230130130310010010010010010010010010010010010010010010010010010010
010010010010010010010010010010010010010010010010010010010010010010010010010010010010010120120010010010010010010010010010010010010010010010010010010010010010230130410130130130231130130310010010010010010010010010010010010010010010010010010010
010010010010010010010010010010010010010010010010010010010010010010010010010110110110110510510130130230130130130130130130130130130130130130130130130130130130231130410130130130230130130310010010010010010010010010010010010010010010010010010010
010010010010010010010010010010010010010010010010010010010010010010010010010100010010010120120120130231010010010010010010010010010010010010010010010010010010010010010010010010231130130310010010010010010010010010010010010010010010010010010010
010010010010010010010010010010010010010010010010010010010010010010010010010100010010010220221120010010010010010010010010010010010010010010010010010010010010010010010010010010010010010010010010010010010010010010010010010010010010010010010010
010010010010010010010010010010010010010010010010010010010010010010010010010100010010010120010120010010010010010010010010010010010010010010010010010010010010010010010010010010010010010010010010010010010010010010010010010010010010010010010010
010010010010010010010010010010010010010010010010010010010010010010010010010100010010010610010120010010010010010010010010010010010010010010010010010010010010010010010010010010010010010010010010010010010010010010010010010010010010010010010010
010010010010010010010010010010010010010010010010010010010010010010010010010100010010010010010120010010010010010010010010010010010010010010010010010010010010010010010010010010010010010010010010010010010010010010010010010010010010010010010010
010010010010010010010010010010010010010010010010010010010010010010010010010100010010010010010120010010010010010010010010010010010010010010010010010010010010010010010010010010010010010010010010010010010010010010010010010010010010010010010010
010010010010010010010010010010010010010010010010010010010010010010010010010100130130130130130130010010010010010010010010010010010010010010010010010010010010010010010010010010010010010010010010010010010010010010010010010010010010010010010010
END
